16
5 3
1 2
2 3
4 5
10 5
1 2
4 3
1 3
2 4
4 5
1 0
5 5
1 2
1 3
1 4
1 5
2 3
954 975
861 410
873 470
718 57
560 136
122 789
579 858
589 901
431 320
464 807
614 720
406 94
354 384
780 849
151 290
476 617
79 731
469 65
549 942
951 140
151 556
1 510
525 325
213 928
461 903
733 345
165 922
726 407
858 843
446 870
279 555
819 617
943 246
366 824
57 360
683 602
196 923
580 352
27 204
558 899
811 72
80 12
403 377
811 866
563 699
780 493
392 31
464 361
488 32
723 376
461 230
541 363
873 181
146 926
278 650
693 186
321 602
389 468
507 195
699 681
490 890
701 226
697 563
568 111
256 659
116 805
30 615
811 187
499 679
398 262
303 149
899 855
898 163
527 119
275 440
828 834
850 569
192 200
299 604
458 151
690 776
380 593
177 512
113 206
554 231
867 672
99 244
455 4
196 141
368 598
464 625
834 768
453 722
572 477
453 68
304 884
606 323
251 231
193 370
48 551
435 625
248 579
192 8
435 467
746 367
276 89
502 440
496 85
182 402
217 630
431 633
217 293
719 154
699 429
799 79
543 305
93 156
840 898
488 291
62 766
241 777
830 247
254 723
927 489
11 828
74 518
304 579
545 238
730 954
950 565
313 58
196 519
37 713
813 207
307 575
937 573
197 446
882 949
120 853
271 326
95 183
820 347
142 344
488 578
468 479
485 241
587 676
690 782
633 779
78 656
570 842
57 676
531 670
620 59
420 197
134 824
175 99
265 16
415 693
783 220
312 582
309 114
790 4
934 803
675 138
667 744
497 811
240 328
106 662
99 105
57 747
816 151
187 933
525 610
713 170
888 307
906 159
654 110
2 382
46 321
20 30
675 755
272 373
758 557
381 160
878 885
196 460
579 132
152 144
181 402
626 419
234 17
245 740
816 737
64 934
562 211
552 702
842 784
119 262
614 85
701 368
256 904
542 192
892 789
299 446
19 640
851 299
655 230
537 875
202 821
63 791
439 10
700 133
877 923
589 104
140 66
520 365
61 948
634 370
463 854
480 77
439 124
724 728
486 756
45 287
551 247
609 667
564 451
698 646
797 720
207 519
933 480
894 429
416 270
416 773
2 416
777 474
38 509
770 228
339 667
431 460
774 81
709 843
95 515
446 481
592 793
41 691
303 583
498 831
412 646
102 546
541 5
432 837
171 407
705 247
527 767
22 687
613 66
611 346
629 438
470 880
124 863
883 952
272 547
461 866
939 176
266 366
96 858
839 557
201 215
555 225
647 588
682 83
725 175
111 191
113 197
262 50
232 887
659 824
588 475
861 32
116 674
278 67
93 654
189 929
625 507
94 533
345 381
597 794
140 491
917 171
351 134
677 719
242 522
671 175
568 614
310 403
409 44
782 329
593 944
748 435
712 666
431 879
322 498
672 941
637 371
667 665
437 868
834 766
502 736
625 598
227 847
558 650
727 144
695 787
529 499
161 742
194 609
117 859
723 48
659 218
868 718
536 864
925 583
38 299
374 889
580 367
685 425
838 798
199 592
166 281
76 353
170 558
243 851
71 749
706 566
298 945
251 759
685 97
601 187
887 386
284 819
266 110
48 802
74 543
283 431
913 216
414 490
297 197
876 896
158 627
170 375
700 786
250 786
717 356
174 123
217 127
200 307
557 146
19 119
296 668
440 43
120 518
855 597
357 683
495 727
780 684
759 648
237 4
162 376
371 464
478 279
320 628
245 686
409 919
350 333
740 882
722 433
791 609
29 86
352 206
444 630
885 827
432 241
218 375
781 649
453 24
919 140
368 639
605 17
711 802
201 267
779 763
775 841
397 611
174 281
593 381
264 299
34 513
670 322
306 525
661 100
193 756
65 130
473 54
718 895
748 831
702 354
232 933
49 418
756 888
208 146
160 319
814 89
704 732
565 643
849 89
254 205
561 421
285 328
267 794
605 376
623 123
115 940
860 661
142 131
18 869
496 856
372 498
3 601
338 507
692 824
686 293
567 768
194 354
235 386
577 294
540 176
106 129
685 820
710 144
161 13
219 98
854 181
209 594
799 308
536 917
909 4
136 283
139 831
931 626
576 491
954 885
573 535
462 791
633 230
385 292
404 934
706 927
623 800
663 864
904 934
932 307
282 606
839 345
261 484
616 524
887 835
664 238
522 172
635 758
273 301
795 800
415 346
420 829
361 43
581 725
627 727
63 665
436 622
586 762
646 733
356 293
256 122
122 218
851 71
687 899
70 128
323 374
875 293
674 95
158 481
615 457
785 655
192 550
808 107
551 632
392 909
339 790
87 477
125 70
844 83
485 205
357 828
513 260
484 531
142 902
354 314
728 169
95 96
318 748
500 521
252 604
448 302
224 805
643 123
764 70
118 505
681 28
244 410
309 902
824 689
94 900
714 573
218 819
98 492
528 308
373 58
493 619
13 438
687 315
330 704
612 742
808 124
507 237
780 681
71 751
19 765
340 400
794 156
847 697
787 650
850 449
612 675
827 741
811 923
433 153
1 529
923 417
447 233
569 380
736 73
112 86
942 903
178 259
543 643
654 727
287 876
361 116
434 80
111 328
150 293
123 13
823 467
526 663
357 289
153 136
240 73
420 293
580 450
527 954
196 858
425 478
501 665
334 367
901 191
168 294
444 920
817 510
462 527
501 497
910 497
504 949
856 433
621 534
624 126
591 948
399 251
853 132
582 443
954 405
336 563
150 847
840 800
752 703
12 506
502 384
859 812
702 284
159 354
184 363
177 602
468 54
670 616
891 781
200 694
178 536
473 634
668 416
538 840
935 630
664 866
96 749
709 175
457 413
869 854
768 691
143 373
195 184
954 410
157 196
170 360
468 583
443 316
543 539
441 942
487 270
613 40
334 719
610 768
286 284
184 701
224 199
222 544
929 611
559 763
632 283
465 259
497 459
539 807
462 504
266 138
814 642
790 556
793 936
399 96
10 22
348 214
188 595
920 311
652 144
193 277
6 460
443 15
498 887
202 800
674 776
467 381
343 139
676 865
824 486
361 897
364 534
564 646
66 320
603 501
425 555
518 823
804 259
859 88
874 120
855 142
863 549
746 177
930 228
141 174
249 693
53 770
359 272
913 954
69 535
499 371
372 525
878 775
149 602
811 918
847 393
623 360
212 26
82 785
774 411
927 341
174 150
723 257
460 23
184 372
138 251
676 221
461 538
819 754
882 621
79 810
76 54
383 80
174 872
120 304
390 741
528 779
508 595
668 561
861 450
488 309
204 260
655 656
644 29
167 386
172 431
644 755
798 702
910 89
671 504
578 300
925 466
792 301
257 577
220 595
627 665
297 481
799 60
760 189
54 694
781 806
776 705
614 847
334 359
553 334
79 698
829 821
386 661
722 953
920 918
23 251
348 795
168 690
403 121
194 192
561 818
241 631
809 855
796 312
426 161
200 891
78 657
390 420
749 10
898 442
543 549
595 668
67 695
105 538
786 128
623 340
499 699
321 313
578 302
503 97
719 338
546 55
446 622
796 431
663 37
1 223
559 333
215 716
838 532
72 755
39 110
419 680
296 185
502 671
895 716
788 580
494 83
433 103
55 807
560 448
494 166
796 494
877 143
194 932
731 403
48 788
409 385
742 813
350 287
281 142
505 700
254 900
64 636
883 693
473 868
777 326
797 503
149 396
763 22
646 162
51 337
605 479
666 399
418 886
575 850
761 823
912 897
486 503
371 635
70 664
349 768
125 342
77 590
279 350
926 635
323 82
104 535
852 86
143 669
601 933
188 380
754 437
940 735
278 906
929 293
929 84
538 924
594 650
415 295
207 826
111 138
494 414
300 891
448 533
167 185
128 433
593 870
753 756
131 190
590 89
856 83
878 622
869 695
106 11
931 950
806 385
518 825
483 100
263 760
887 92
951 733
657 33
869 471
469 43
465 827
203 462
154 624
862 435
27 910
629 489
78 44
543 648
104 755
125 632
273 860
351 833
632 17
592 636
186 704
413 46
690 411
199 865
265 888
322 741
428 919
314 943
71 462
48 50
387 877
545 76
34 656
250 58
270 266
698 824
446 560
870 823
427 146
95 251
102 471
34 235
945 654
186 286
118 895
250 235
181 946
413 684
550 740
544 94
511 880
410 240
583 378
140 586
705 715
890 654
902 191
421 228
353 61
569 39
379 779
739 289
58 447
66 538
507 692
85 199
379 837
110 357
644 232
663 538
908 459
725 853
819 57
98 493
72 679
622 440
433 724
284 752
376 717
142 691
533 28
49 155
137 402
776 696
376 473
112 423
742 482
311 769
260 345
384 112
459 788
15 608
859 299
450 231
497 617
462 140
59 353
938 285
563 197
56 76
924 594
853 28
522 438
23 383
774 53
509 475
206 321
273 844
864 848
152 86
92 588
145 111
766 755
558 520
26 944
81 245
559 933
748 303
81 787
359 352
695 882
747 305
104 818
27 52
27 96
49 61
10 12
56 103
90 8
19 17
79 98
96 66
21 54
27 94
2 50
3 79
52 72
77 13
45 68
48 56
98 34
87 3
12 7
49 69
63 53
12 6
51 91
64 85
3 57
13 72
87 12
37 2
93 73
57 15
90 13
65 22
26 21
18 10
48 35
92 35
86 24
21 85
52 35
40 37
52 12
18 78
51 44
37 75
39 56
63 60
97 87
65 79
63 11
87 86
11 101
28 73
88 91
84 58
69 45
15 92
95 64
94 14
103 94
80 39
91 78
67 35
49 35
46 49
75 69
102 40
30 7
61 71
34 6
48 69
27 72
57 30
61 43
64 33
102 89
54 47
67 72
28 90
14 35
21 58
88 101
70 61
82 9
41 31
75 60
59 36
14 2
75 54
3 88
70 104
90 80
3 1
96 77
22 67
19 81
23 70
53 77
42 44
11 25
72 80
59 91
2 45
73 99
47 16
3 96
55 12
26 8
63 83
60 83
41 17
49 22
103 85
53 101
50 78
53 46
92 103
64 43
71 70
11 24
20 45
77 15
30 74
15 25
58 87
35 73
59 33
79 51
25 101
77 30
40 60
104 35
21 11
17 25
58 62
39 60
15 65
50 104
45 16
50 32
30 94
17 5
17 76
58 43
22 50
46 87
81 99
13 63
84 11
77 61
5 82
93 37
77 40
16 74
57 78
93 74
44 27
100 44
62 63
86 19
50 77
24 5
15 32
100 91
73 40
97 96
39 98
17 77
42 84
6 20
30 43
77 104
59 93
46 101
47 41
84 63
89 53
73 15
30 38
77 90
15 96
95 87
51 14
75 93
67 12
3 20
101 83
36 87
84 99
54 15
74 1
11 27
68 37
40 81
96 62
81 38
56 51
87 42
52 23
21 10
5 36
9 54
44 88
2 103
101 74
76 2
24 85
5 42
95 4
55 102
81 25
47 19
24 66
17 8
12 57
62 94
88 43
61 32
21 45
92 54
41 7
82 47
70 100
1 83
69 8
102 33
98 86
44 79
83 40
84 28
71 9
18 53
20 81
100 4
103 32
15 48
14 6
32 52
52 39
32 84
43 6
58 86
21 80
36 78
101 102
91 87
48 70
32 12
75 32
55 20
64 34
3 77
16 98
54 22
18 70
69 88
23 7
21 76
29 27
1 73
81 104
39 24
21 6
27 58
40 12
85 2
34 40
42 58
90 56
53 97
33 87
39 68
74 58
60 33
67 62
7 14
11 60
97 50
9 94
23 42
34 100
9 65
86 45
15 51
35 91
54 58
89 90
10 81
57 48
55 101
13 57
16 48
65 46
25 38
67 102
38 32
35 50
53 66
39 54
70 86
58 30
78 98
9 37
54 66
99 21
23 65
74 68
25 26
84 44
16 39
54 49
17 92
5 69
86 49
79 61
14 102
104 18
74 60
54 104
25 66
72 36
82 76
21 1
90 44
96 42
8 47
55 66
47 99
45 23
67 101
53 34
35 22
37 56
79 53
84 29
42 59
99 15
79 36
33 24
38 58
45 63
4 30
36 1
87 29
97 103
60 6
9 59
64 7
103 88
94 65
31 91
32 85
20 66
90 93
93 40
31 22
33 81
34 37
35 95
61 16
84 14
84 104
20 104
46 84
91 41
60 93
76 90
34 23
48 102
85 56
35 87
6 90
44 32
89 80
7 94
58 75
83 91
98 83
77 49
49 26
53 62
17 43
5 68
25 45
93 98
80 10
76 48
16 63
33 40
83 31
50 29
71 30
80 11
28 38
90 23
80 35
36 54
34 5
37 95
76 100
81 75
63 1
20 57
36 69
36 97
29 4
32 90
97 49
87 100
75 71
28 69
101 43
43 94
17 53
74 6
58 81
43 18
100 85
87 83
87 6
104 79
86 7
9 46
30 69
86 33
1 62
10 65
9 90
76 58
95 29
92 80
30 39
31 98
87 79
71 7
37 43
60 66
64 65
73 53
98 47
67 103
56 101
76 14
92 3
30 44
52 20
40 20
64 55
68 48
67 88
65 33
19 76
78 3
10 98
87 81
18 52
51 87
87 104
92 93
32 2
50 74
93 28
103 70
99 2
31 34
68 64
17 9
4 51
90 11
19 20
69 50
53 40
18 102
57 49
18 5
54 77
9 63
77 24
59 26
99 66
15 44
52 49
60 68
30 5
32 23
85 39
48 3
13 89
7 4
21 98
14 86
100 71
66 72
73 88
21 96
37 73
24 75
13 56
32 67
55 61
14 4
96 48
101 84
80 79
35 39
87 69
32 17
51 101
28 58
55 29
19 28
99 65
69 46
71 76
15 18
26 93
102 42
93 42
95 6
4 41
78 92
92 88
36 10
101 26
64 93
32 73
8 58
101 82
81 79
101 80
3 55
46 54
46 63
67 79
31 57
104 40
55 103
83 102
7 18
3 5
61 66
29 25
84 83
29 104
101 39
70 99
15 82
68 96
41 63
67 5
18 37
8 95
14 38
68 16
88 19
51 103
4 44
50 8
102 65
83 56
54 5
13 33
23 48
23 8
71 26
30 56
79 66
12 16
89 97
101 96
47 26
29 72
52 69
19 102
50 48
7 55
64 82
5 10
2 56
26 4
84 70
21 27
93 10
63 71
78 33
91 95
78 97
97 45
76 35
8 103
12 8
8 83
36 38
31 63
12 98
1 9
6 28
25 44
58 91
14 19
41 55
50 5
37 31
3 62
37 88
81 83
27 49
49 85
29 102
24 41
84 91
76 57
55 76
99 94
69 57
79 32
70 7
33 93
47 53
52 65
33 51
9 66
57 73
97 1
33 22
96 30
92 43
45 88
76 75
21 13
26 52
30 99
92 77
91 10
75 50
83 4
90 19
13 87
84 40
86 64
34 11
41 102
54 19
45 58
7 65
91 5
60 44
102 32
34 79
78 90
7 17
66 42
85 8
16 2
13 95
56 29
73 59
26 2
100 18
39 21
98 84
104 3
5 62
96 76
103 9
101 52
14 46
67 76
28 44
57 61
90 40
35 57
75 78
7 26
91 47
12 91
37 69
10 50
97 69
65 84
91 79
81 32
49 88
67 28
74 18
39 63
47 4
83 16
69 55
102 99
77 88
30 95
48 4
62 68
63 6
79 59
89 46
43 60
37 71
95 34
89 44
85 73
102 70
30 62
1 76
102 95
79 17
25 53
97 22
42 33
5 53
29 42
21 88
14 23
11 55
61 75
23 56
75 72
24 37
27 64
59 23
66 91
37 14
91 37
15 59
19 10
57 102
101 59
11 40
38 80
76 84
63 26
16 34
35 70
55 25
7 38
56 102
64 21
36 58
97 25
90 74
58 67
38 78
2 31
95 78
101 81
51 64
51 54
39 8
82 34
13 47
66 4
21 70
83 85
10 24
68 19
41 23
101 97
13 64
66 44
43 68
84 92
40 9
99 38
61 92
82 22
56 94
84 56
44 38
35 40
48 36
69 34
43 31
97 14
7 75
36 93
78 70
31 44
44 56
20 49
42 30
52 82
77 68
4 65
65 50
45 39
75 48
86 32
35 97
70 64
12 27
78 58
31 55
98 69
25 42
47 31
18 93
98 61
43 11
94 48
15 102
64 38
3 45
100 57
17 33
7 80
80 36
25 58
43 45
19 84
3 10
43 83
15 39
100 80
86 18
23 74
95 88
11 12
3 3
2 3
1 3
2 1
750 100
222 729
95 562
403 15
34 705
593 506
731 364
608 304
228 577
137 319
70 194
645 386
112 224
135 314
186 27
464 121
116 111
261 494
23 18
70 113
98 377
95 49
155 247
182 98
665 33
339 536
296 55
547 476
282 347
422 682
192 591
187 160
400 376
635 112
455 118
318 579
238 540
624 146
70 314
350 386
570 320
491 580
274 742
82 66
36 344
462 492
671 106
374 630
692 568
501 89
628 584
34 227
704 702
696 27
478 486
331 206
272 203
424 93
171 405
242 116
560 612
503 50
34 220
218 277
350 430
703 411
170 517
219 52
561 693
200 325
499 392
400 316
738 555
478 453
630 329
339 133
268 675
634 153
427 257
325 264
60 84
708 231
73 339
197 132
566 202
380 178
143 232
390 511
501 569
29 52
100 232
309 411
22 315
109 42
593 431
559 80
354 75
229 737
117 179
14 459
230 743
50 48
18 36
2 23
43 9
18 10
48 18
40 33
14 48
20 9
42 3
13 50
23 27
22 8
20 48
15 47
2 31
22 21
49 6
36 10
10 16
16 14
4 24
9 3
42 41
2 3
49 41
34 6
39 6
48 37
32 22
44 13
21 16
43 36
24 29
4 1
36 17
25 33
21 4
7 15
19 11
13 49
46 15
44 45
6 26
44 17
8 18
33 14
41 24
4 6
10 9
6 2
3 10
6 10
7 6
2 5
1 10
3 6
5 1
8 7
10 40
8 6
8 4
5 2
10 1
1 9
5 9
1 6
5 4
10 8
5 3
1 7
9 3
3 6
5 7
3 7
4 6
2 7
2 9
4 10
7 10
10 3
2 8
3 2
9 7
1 4
6 10
2 10
3 1
2 4
2 1
5 6
1 8
8 3
7 4
8 9
10 9
6 7
1 5
6 9
4 3
123 236
26 63
80 50
13 115
117 116
2 23
75 33
16 87
24 103
89 39
77 68
48 123
94 34
27 101
93 25
116 14
101 86
119 70
97 111
46 22
46 90
95 40
56 71
62 118
86 70
1 8
107 115
47 30
81 58
10 92
69 11
53 114
38 95
10 63
74 52
115 118
64 56
112 87
82 13
15 83
55 5
25 61
117 119
53 32
123 60
117 87
42 93
115 47
103 28
86 35
43 99
107 32
52 88
62 67
63 87
82 64
11 102
31 117
56 75
24 107
36 33
113 38
85 8
101 38
60 91
103 48
113 86
83 38
24 46
22 63
49 123
27 54
31 111
11 76
76 16
106 12
51 59
27 90
47 57
52 61
74 12
79 121
116 27
69 4
78 123
3 72
59 75
26 80
68 116
61 81
39 1
76 59
77 34
56 102
72 39
99 27
16 99
108 81
15 63
106 39
96 53
42 84
96 5
101 118
84 68
81 93
8 93
8 51
79 38
85 68
123 118
29 109
100 43
103 73
88 7
59 30
48 75
83 21
70 19
70 51
61 101
30 8
7 82
70 15
51 78
106 111
102 95
9 28
105 69
65 75
64 25
21 10
103 26
45 27
42 105
83 42
58 59
65 5
38 46
86 81
102 112
6 60
101 14
83 76
15 24
39 41
28 2
59 66
76 63
90 93
93 64
98 43
33 1
8 122
38 54
123 57
53 116
100 42
75 3
44 28
52 38
97 63
58 67
58 61
22 62
7 83
50 113
51 97
79 46
97 108
80 31
123 85
76 50
114 35
63 91
31 102
101 45
78 57
50 65
72 103
9 20
37 34
63 56
25 17
103 75
69 34
58 49
71 58
49 25
62 89
70 68
13 67
63 34
18 77
27 8
41 16
30 1
93 59
94 82
35 65
39 17
81 47
114 32
92 41
33 65
69 121
49 87
85 88
16 94
74 39
39 23
3 101
72 53
68 43
103 102
59 114
77 108
120 11
99 79
34 58
32 68
30 35
44 99
95 15
103 18
84 34
2 103
60 55
2 26
33 50
56 44
113 110
39 5
81 7
11 38
31 14
119 95
240 494
121 83
45 209
197 209
101 59
49 218
38 132
201 20
154 233
171 70
14 5
212 151
58 27
233 3
168 190
19 22
213 143
11 61
194 192
232 133
157 138
38 157
5 97
131 5
51 210
11 192
194 113
224 49
4 48
103 72
135 119
145 161
225 48
132 135
96 223
63 148
227 167
229 168
112 43
167 181
188 149
16 25
184 232
54 25
189 122
50 159
202 231
129 149
68 147
20 160
186 226
31 4
41 219
222 207
83 199
130 42
154 156
192 53
89 93
31 236
49 38
181 72
116 111
29 133
94 14
198 97
223 236
26 27
195 39
24 193
36 35
69 2
121 151
73 185
35 117
24 164
163 48
160 42
235 192
11 120
79 135
238 220
216 10
199 191
79 43
46 100
214 170
35 130
225 37
182 227
159 95
180 120
207 217
205 131
99 91
146 177
79 189
12 184
204 135
56 214
183 218
213 126
65 18
145 136
8 174
186 183
180 85
53 168
96 70
214 185
170 124
31 210
140 33
36 70
94 82
14 194
147 33
78 189
18 51
238 141
86 233
232 128
231 177
187 71
223 219
163 86
40 240
150 40
76 19
198 50
47 155
135 98
228 105
209 212
196 46
57 63
27 29
188 145
69 70
160 9
74 212
72 63
59 219
173 26
17 185
229 117
194 139
120 38
191 71
29 223
156 27
225 31
137 170
135 82
26 153
50 171
27 41
42 103
137 166
192 64
66 212
221 110
179 172
86 127
175 128
39 36
120 77
153 131
184 135
208 90
98 7
40 153
93 26
106 144
55 103
106 82
11 167
25 39
201 235
197 151
180 231
20 195
114 196
88 214
100 3
12 16
61 81
80 104
153 51
138 83
63 110
19 122
60 109
131 233
192 184
121 24
101 67
176 91
124 230
102 7
26 86
18 62
115 77
95 11
14 40
71 94
114 37
215 238
190 228
215 107
21 76
224 62
51 60
174 230
70 95
105 3
172 143
143 61
161 28
6 240
11 36
162 32
106 237
6 217
47 90
150 107
231 83
186 113
29 22
166 227
84 64
152 5
24 94
62 15
87 238
59 225
224 82
131 109
188 207
224 74
94 101
113 116
205 221
73 200
135 33
196 232
123 149
94 141
6 70
71 207
122 81
4 85
235 170
28 185
166 159
25 134
185 144
26 85
222 141
32 4
110 181
135 12
127 30
6 9
83 44
80 182
48 226
26 156
149 11
208 78
168 15
227 213
121 210
30 232
219 177
49 106
149 116
167 10
199 48
105 12
112 183
145 111
43 88
229 59
161 176
173 144
228 49
22 113
51 115
56 58
239 159
91 109
134 68
104 38
86 87
208 215
140 3
48 49
36 173
117 204
46 190
73 239
31 52
40 237
142 157
71 78
5 240
100 12
130 128
193 181
235 110
83 240
222 69
55 24
193 88
33 193
122 125
41 168
157 172
131 180
177 108
24 167
127 106
224 192
211 34
14 183
159 132
212 90
222 171
99 232
148 98
110 122
1 107
238 170
190 47
131 92
73 220
17 219
123 187
233 132
154 112
16 232
240 122
58 114
63 183
217 4
213 161
35 26
120 44
95 154
12 156
130 160
79 63
36 6
219 1
14 208
237 134
190 35
126 235
144 44
47 119
122 144
19 53
186 240
151 46
62 9
147 162
180 154
163 62
31 102
26 227
18 164
165 16
159 119
56 140
117 6
31 8
36 47
99 30
193 153
116 207
53 226
237 188
76 225
182 196
55 1
153 38
86 53
211 103
53 83
92 90
235 152
105 71
136 164
178 112
192 131
117 189
114 165
223 237
141 88
101 207
229 121
43 18
21 33
15 69
124 127
24 113
126 237
71 200
151 149
227 149
131 77
182 236
147 152
167 188
51 106
40 38
188 94
211 227
90 38
213 66
188 79
128 194
40 203
205 13
172 184
187 156
98 90
161 53
7 112
85 42
186 23
101 133
79 169
165 157
22 86
12 67
106 80
126 222
16 26
58 97
78 155
45 23
75 111
38 8
160 237
216 239
138 106
136 186
69 99
215 165
95 44
18 179
164 205
23 143
162 60
145 199
73 141
153 31
210 1
77 28
100 239
150 185
199 16
136 182
160 204
166 9
89 74
148 159
155 157
104 195
67 235
59 162
31 189
168 220
52 209
97 69
178 109
72 225
169 147
142 227
60 164
166 161
63 118
144 120
173 215
70 113
191 103
64 189
181 35
27 190
24 127
3 226
186 35
87 30
1000 999
392 1
207 3
419 4
68 7
568 9
493 10
277 11
729 12
347 14
32 16
516 17
999 25
921 26
847 28
436 30
256 31
518 32
297 38
555 39
283 41
94 42
755 43
327 44
88 49
356 51
488 52
444 60
308 61
490 62
386 64
532 65
220 70
265 75
709 76
321 83
535 84
732 88
24 90
464 91
303 94
543 100
81 101
983 81
451 102
57 103
436 104
970 105
712 107
771 108
285 109
587 111
961 116
281 118
79 119
571 121
253 122
959 130
204 131
440 134
200 138
742 140
217 148
338 150
648 151
953 152
844 159
996 162
33 163
882 33
265 164
594 167
172 174
916 172
982 176
398 178
736 179
381 181
912 183
945 185
74 193
901 74
230 195
169 196
628 205
990 206
859 207
342 208
662 212
810 214
460 217
890 218
639 220
501 230
226 231
156 232
171 235
271 237
771 238
978 239
80 241
473 80
948 243
486 244
812 246
213 248
457 213
895 252
114 253
672 259
729 260
173 262
608 267
188 272
649 188
393 273
689 279
340 280
363 284
242 285
915 289
707 290
581 291
651 292
926 298
736 301
493 304
749 308
745 310
144 312
678 318
383 319
221 320
597 221
133 322
247 133
276 325
978 327
892 336
283 337
570 338
418 339
499 341
353 342
177 343
411 177
994 345
393 348
864 350
737 357
984 360
132 361
623 362
661 364
746 365
247 367
157 370
810 373
340 375
271 376
135 377
444 135
158 379
886 158
170 380
351 384
368 351
277 387
617 389
444 394
275 395
92 396
522 92
242 398
709 242
147 399
227 147
804 400
160 402
446 160
458 407
374 410
527 374
266 412
953 266
920 413
48 417
37 48
58 37
27 58
166 27
470 166
29 418
73 29
841 421
953 429
200 430
456 434
95 436
529 95
564 441
693 443
382 444
863 447
771 452
584 458
697 459
498 460
24 461
275 466
226 468
324 226
874 324
968 475
735 476
674 477
424 478
245 479
811 245
627 480
57 481
445 482
550 483
127 487
391 488
305 489
261 305
315 261
789 315
126 490
307 493
18 307
442 494
46 496
223 46
685 223
707 498
633 499
866 500
201 501
136 502
859 510
465 511
899 513
385 515
756 385
77 517
798 518
959 519
432 521
149 432
537 522
621 524
928 525
587 528
758 530
78 531
369 78
989 369
698 535
506 536
182 538
456 182
583 456
344 539
719 541
721 542
987 547
764 548
504 550
156 551
727 552
173 553
439 560
589 439
994 562
143 565
739 567
777 568
372 570
180 372
89 180
781 571
115 574
828 115
453 576
492 453
557 578
697 581
288 582
6 583
798 584
155 586
426 155
608 588
888 592
558 596
717 597
657 599
577 600
124 577
675 602
764 603
294 604
768 294
700 605
255 606
486 255
454 608
173 454
97 612
559 614
957 559
659 615
97 616
703 617
199 618
665 199
437 619
595 437
717 595
966 622
329 623
509 624
170 625
254 170
854 626
690 627
234 628
988 234
858 630
933 633
669 634
661 643
113 647
187 651
813 653
347 654
810 655
658 656
287 657
313 287
869 660
333 662
203 333
693 663
467 665
50 467
779 50
683 666
650 667
263 670
827 263
523 672
888 523
403 673
251 674
529 251
964 529
340 675
314 340
820 676
631 677
744 631
186 678
948 186
73 679
326 681
949 326
563 682
297 563
800 683
47 687
406 47
278 406
113 690
929 691
378 692
811 378
980 693
462 696
157 462
760 157
970 699
549 700
883 549
652 705
455 707
257 708
694 257
295 709
546 295
698 546
491 710
457 491
697 711
823 712
173 715
428 173
97 428
293 97
723 716
704 719
66 704
585 66
936 720
895 721
650 724
532 725
309 728
404 309
306 729
575 306
569 732
388 569
89 388
96 89
613 735
2 613
22 2
352 22
145 736
951 145
382 737
671 738
168 741
925 168
520 743
790 745
557 748
598 749
411 751
431 411
355 431
465 355
573 465
471 752
113 753
955 113
154 755
352 756
512 352
947 512
991 757
701 759
795 701
995 761
156 762
484 763
5 484
363 764
68 767
391 68
844 391
184 769
544 770
575 772
57 575
924 57
269 774
317 269
580 775
610 776
36 778
652 779
354 780
211 781
754 211
508 754
621 508
895 784
685 785
464 685
722 464
875 786
572 789
765 572
907 765
976 790
311 792
893 793
419 794
73 795
645 73
564 645
194 797
59 194
862 59
730 800
803 730
79 802
874 79
854 803
918 805
314 806
161 808
427 161
438 809
771 438
960 810
497 812
607 497
132 607
782 132
727 782
906 727
926 813
815 814
358 815
228 816
5 817
999 5
275 822
865 823
514 824
620 829
288 830
149 831
354 836
56 354
610 56
137 610
440 137
920 440
527 837
621 527
854 838
222 839
154 222
868 154
424 840
317 424
256 317
929 256
96 843
349 96
85 844
36 85
949 845
637 846
316 637
639 316
629 847
912 850
216 852
841 855
486 841
649 486
347 649
589 856
723 589
746 857
264 746
777 264
423 777
694 859
842 694
540 842
392 540
969 392
136 861
404 863
397 404
820 864
884 820
642 866
514 642
788 514
110 788
114 867
970 114
268 868
555 268
136 869
112 136
190 112
45 190
423 870
833 871
408 833
288 408
936 288
99 872
713 99
988 875
580 876
994 580
474 881
641 882
15 641
69 15
791 69
818 791
520 883
621 884
695 621
281 887
750 281
942 750
383 888
804 383
448 889
507 448
668 507
143 668
635 890
532 635
865 532
198 865
598 891
321 598
71 321
54 71
20 54
353 20
403 892
250 403
936 894
110 897
67 110
303 899
801 900
233 801
286 233
276 286
862 902
726 904
995 726
912 905
191 906
544 908
933 909
644 910
175 912
129 175
189 129
632 913
23 632
123 23
555 123
821 555
851 914
760 851
34 760
886 916
200 886
204 200
689 917
862 689
422 920
409 422
601 409
198 601
247 198
907 247
82 921
948 82
966 922
296 923
455 296
826 455
86 925
128 86
638 128
880 926
35 927
275 35
492 928
638 492
471 638
873 471
414 873
640 414
8 640
382 8
896 382
457 896
731 457
368 731
880 929
401 880
697 401
146 930
561 931
393 561
733 932
503 733
907 933
620 934
216 620
371 216
594 371
918 594
228 918
426 228
229 935
87 229
397 936
314 397
714 314
669 714
986 937
366 939
329 940
63 941
313 63
469 313
684 469
265 684
381 265
977 942
978 943
885 946
659 885
381 659
87 381
609 947
344 609
799 344
915 799
664 948
53 664
192 53
67 192
450 67
828 949
629 828
358 951
957 358
533 952
858 533
879 858
204 879
215 204
877 215
359 953
545 955
773 545
227 773
334 227
277 334
302 956
225 302
189 957
695 189
834 695
420 834
505 959
416 505
804 416
156 804
250 156
520 250
446 520
210 446
270 210
819 270
509 960
165 961
224 165
349 962
139 349
328 139
564 328
24 564
504 24
718 504
442 718
197 963
742 197
911 742
415 911
821 964
146 821
282 965
680 282
744 967
34 744
503 34
124 503
697 124
658 697
986 658
874 968
435 969
593 970
329 593
191 329
566 191
543 971
734 543
463 734
591 463
117 972
766 117
819 766
787 973
203 974
832 203
331 832
646 331
758 646
202 758
106 202
722 106
433 722
449 433
587 449
907 975
254 907
739 254
271 739
346 976
698 346
473 698
636 473
445 636
893 445
415 893
509 415
652 509
353 652
590 977
278 590
21 278
591 978
898 979
323 898
862 323
219 862
639 219
798 639
146 798
629 146
835 629
427 835
702 427
171 702
566 171
277 566
686 277
818 686
299 818
585 299
225 585
648 225
544 648
591 980
611 591
149 611
40 149
954 40
966 981
249 966
72 249
826 72
787 826
187 787
450 187
807 983
405 807
825 405
127 984
77 127
938 77
771 938
470 771
717 470
13 986
723 13
669 987
854 669
141 854
783 141
853 783
556 853
366 556
93 366
87 93
573 87
506 988
36 506
485 989
903 485
98 903
425 98
390 425
848 390
901 848
554 990
706 554
717 706
688 717
713 688
201 991
558 992
860 558
796 994
825 796
356 825
335 356
924 335
895 924
919 895
55 919
587 55
258 587
311 258
426 311
661 426
423 996
19 423
950 19
811 950
995 811
236 995
353 236
201 353
650 201
557 650
526 557
142 997
330 142
125 330
680 125
303 680
276 303
740 276
209 740
347 209
45 347
747 45
915 747
451 915
644 451
579 644
363 579
945 363
495 945
661 495
393 661
450 393
21 450
36 21
993 36
275 993
274 275
435 274
18 435
516 18
144 516
768 144
534 768
224 534
419 224
901 419
874 901
293 874
120 293
420 998
849 420
184 849
332 184
544 332
958 544
442 958
982 442
703 982
819 703
6 999
860 6
386 860
537 386
713 537
474 713
723 474
153 723
985 153
240 985
944 240
877 944
671 877
878 671
283 878
297 283
169 297
827 169
120 827
368 120
472 368
954 472
143 954
573 143
526 573
819 526
126 819
271 126
359 271
300 359
300 1000
999 998
1 2
2 3
3 4
4 5
5 6
6 7
7 8
8 9
9 10
10 11
11 12
12 13
13 14
14 15
15 16
16 17
17 18
18 19
19 20
20 21
21 22
22 23
23 24
24 25
25 26
26 27
27 28
28 29
29 30
30 31
31 32
32 33
33 34
34 35
35 36
36 37
37 38
38 39
39 40
40 41
41 42
42 43
43 44
44 45
45 46
46 47
47 48
48 49
49 50
50 51
51 52
52 53
53 54
54 55
55 56
56 57
57 58
58 59
59 60
60 61
61 62
62 63
63 64
64 65
65 66
66 67
67 68
68 69
69 70
70 71
71 72
72 73
73 74
74 75
75 76
76 77
77 78
78 79
79 80
80 81
81 82
82 83
83 84
84 85
85 86
86 87
87 88
88 89
89 90
90 91
91 92
92 93
93 94
94 95
95 96
96 97
97 98
98 99
99 100
100 101
101 102
102 103
103 104
104 105
105 106
106 107
107 108
108 109
109 110
110 111
111 112
112 113
113 114
114 115
115 116
116 117
117 118
118 119
119 120
120 121
121 122
122 123
123 124
124 125
125 126
126 127
127 128
128 129
129 130
130 131
131 132
132 133
133 134
134 135
135 136
136 137
137 138
138 139
139 140
140 141
141 142
142 143
143 144
144 145
145 146
146 147
147 148
148 149
149 150
150 151
151 152
152 153
153 154
154 155
155 156
156 157
157 158
158 159
159 160
160 161
161 162
162 163
163 164
164 165
165 166
166 167
167 168
168 169
169 170
170 171
171 172
172 173
173 174
174 175
175 176
176 177
177 178
178 179
179 180
180 181
181 182
182 183
183 184
184 185
185 186
186 187
187 188
188 189
189 190
190 191
191 192
192 193
193 194
194 195
195 196
196 197
197 198
198 199
199 200
200 201
201 202
202 203
203 204
204 205
205 206
206 207
207 208
208 209
209 210
210 211
211 212
212 213
213 214
214 215
215 216
216 217
217 218
218 219
219 220
220 221
221 222
222 223
223 224
224 225
225 226
226 227
227 228
228 229
229 230
230 231
231 232
232 233
233 234
234 235
235 236
236 237
237 238
238 239
239 240
240 241
241 242
242 243
243 244
244 245
245 246
246 247
247 248
248 249
249 250
250 251
251 252
252 253
253 254
254 255
255 256
256 257
257 258
258 259
259 260
260 261
261 262
262 263
263 264
264 265
265 266
266 267
267 268
268 269
269 270
270 271
271 272
272 273
273 274
274 275
275 276
276 277
277 278
278 279
279 280
280 281
281 282
282 283
283 284
284 285
285 286
286 287
287 288
288 289
289 290
290 291
291 292
292 293
293 294
294 295
295 296
296 297
297 298
298 299
299 300
300 301
301 302
302 303
303 304
304 305
305 306
306 307
307 308
308 309
309 310
310 311
311 312
312 313
313 314
314 315
315 316
316 317
317 318
318 319
319 320
320 321
321 322
322 323
323 324
324 325
325 326
326 327
327 328
328 329
329 330
330 331
331 332
332 333
333 334
334 335
335 336
336 337
337 338
338 339
339 340
340 341
341 342
342 343
343 344
344 345
345 346
346 347
347 348
348 349
349 350
350 351
351 352
352 353
353 354
354 355
355 356
356 357
357 358
358 359
359 360
360 361
361 362
362 363
363 364
364 365
365 366
366 367
367 368
368 369
369 370
370 371
371 372
372 373
373 374
374 375
375 376
376 377
377 378
378 379
379 380
380 381
381 382
382 383
383 384
384 385
385 386
386 387
387 388
388 389
389 390
390 391
391 392
392 393
393 394
394 395
395 396
396 397
397 398
398 399
399 400
400 401
401 402
402 403
403 404
404 405
405 406
406 407
407 408
408 409
409 410
410 411
411 412
412 413
413 414
414 415
415 416
416 417
417 418
418 419
419 420
420 421
421 422
422 423
423 424
424 425
425 426
426 427
427 428
428 429
429 430
430 431
431 432
432 433
433 434
434 435
435 436
436 437
437 438
438 439
439 440
440 441
441 442
442 443
443 444
444 445
445 446
446 447
447 448
448 449
449 450
450 451
451 452
452 453
453 454
454 455
455 456
456 457
457 458
458 459
459 460
460 461
461 462
462 463
463 464
464 465
465 466
466 467
467 468
468 469
469 470
470 471
471 472
472 473
473 474
474 475
475 476
476 477
477 478
478 479
479 480
480 481
481 482
482 483
483 484
484 485
485 486
486 487
487 488
488 489
489 490
490 491
491 492
492 493
493 494
494 495
495 496
496 497
497 498
498 499
499 500
500 501
501 502
502 503
503 504
504 505
505 506
506 507
507 508
508 509
509 510
510 511
511 512
512 513
513 514
514 515
515 516
516 517
517 518
518 519
519 520
520 521
521 522
522 523
523 524
524 525
525 526
526 527
527 528
528 529
529 530
530 531
531 532
532 533
533 534
534 535
535 536
536 537
537 538
538 539
539 540
540 541
541 542
542 543
543 544
544 545
545 546
546 547
547 548
548 549
549 550
550 551
551 552
552 553
553 554
554 555
555 556
556 557
557 558
558 559
559 560
560 561
561 562
562 563
563 564
564 565
565 566
566 567
567 568
568 569
569 570
570 571
571 572
572 573
573 574
574 575
575 576
576 577
577 578
578 579
579 580
580 581
581 582
582 583
583 584
584 585
585 586
586 587
587 588
588 589
589 590
590 591
591 592
592 593
593 594
594 595
595 596
596 597
597 598
598 599
599 600
600 601
601 602
602 603
603 604
604 605
605 606
606 607
607 608
608 609
609 610
610 611
611 612
612 613
613 614
614 615
615 616
616 617
617 618
618 619
619 620
620 621
621 622
622 623
623 624
624 625
625 626
626 627
627 628
628 629
629 630
630 631
631 632
632 633
633 634
634 635
635 636
636 637
637 638
638 639
639 640
640 641
641 642
642 643
643 644
644 645
645 646
646 647
647 648
648 649
649 650
650 651
651 652
652 653
653 654
654 655
655 656
656 657
657 658
658 659
659 660
660 661
661 662
662 663
663 664
664 665
665 666
666 667
667 668
668 669
669 670
670 671
671 672
672 673
673 674
674 675
675 676
676 677
677 678
678 679
679 680
680 681
681 682
682 683
683 684
684 685
685 686
686 687
687 688
688 689
689 690
690 691
691 692
692 693
693 694
694 695
695 696
696 697
697 698
698 699
699 700
700 701
701 702
702 703
703 704
704 705
705 706
706 707
707 708
708 709
709 710
710 711
711 712
712 713
713 714
714 715
715 716
716 717
717 718
718 719
719 720
720 721
721 722
722 723
723 724
724 725
725 726
726 727
727 728
728 729
729 730
730 731
731 732
732 733
733 734
734 735
735 736
736 737
737 738
738 739
739 740
740 741
741 742
742 743
743 744
744 745
745 746
746 747
747 748
748 749
749 750
750 751
751 752
752 753
753 754
754 755
755 756
756 757
757 758
758 759
759 760
760 761
761 762
762 763
763 764
764 765
765 766
766 767
767 768
768 769
769 770
770 771
771 772
772 773
773 774
774 775
775 776
776 777
777 778
778 779
779 780
780 781
781 782
782 783
783 784
784 785
785 786
786 787
787 788
788 789
789 790
790 791
791 792
792 793
793 794
794 795
795 796
796 797
797 798
798 799
799 800
800 801
801 802
802 803
803 804
804 805
805 806
806 807
807 808
808 809
809 810
810 811
811 812
812 813
813 814
814 815
815 816
816 817
817 818
818 819
819 820
820 821
821 822
822 823
823 824
824 825
825 826
826 827
827 828
828 829
829 830
830 831
831 832
832 833
833 834
834 835
835 836
836 837
837 838
838 839
839 840
840 841
841 842
842 843
843 844
844 845
845 846
846 847
847 848
848 849
849 850
850 851
851 852
852 853
853 854
854 855
855 856
856 857
857 858
858 859
859 860
860 861
861 862
862 863
863 864
864 865
865 866
866 867
867 868
868 869
869 870
870 871
871 872
872 873
873 874
874 875
875 876
876 877
877 878
878 879
879 880
880 881
881 882
882 883
883 884
884 885
885 886
886 887
887 888
888 889
889 890
890 891
891 892
892 893
893 894
894 895
895 896
896 897
897 898
898 899
899 900
900 901
901 902
902 903
903 904
904 905
905 906
906 907
907 908
908 909
909 910
910 911
911 912
912 913
913 914
914 915
915 916
916 917
917 918
918 919
919 920
920 921
921 922
922 923
923 924
924 925
925 926
926 927
927 928
928 929
929 930
930 931
931 932
932 933
933 934
934 935
935 936
936 937
937 938
938 939
939 940
940 941
941 942
942 943
943 944
944 945
945 946
946 947
947 948
948 949
949 950
950 951
951 952
952 953
953 954
954 955
955 956
956 957
957 958
958 959
959 960
960 961
961 962
962 963
963 964
964 965
965 966
966 967
967 968
968 969
969 970
970 971
971 972
972 973
973 974
974 975
975 976
976 977
977 978
978 979
979 980
980 981
981 982
982 983
983 984
984 985
985 986
986 987
987 988
988 989
989 990
990 991
991 992
992 993
993 994
994 995
995 996
996 997
997 998
998 999
1000 2
10 12
69 420
