10
1 17561629
6 100000000 100000000 100000000 100000000 54089578 70034938
10 100000000 100000000 100000000 41799657 90114018 73424414 31607410 65223169 85152239 32863807
9 100000000 100000000 100000000 100000000 100000000 100000000 100000000 100000000 10836677
7 100000000 100000000 100000000 52205458 9007243 65878158 84655998
7 100000000 100000000 100000000 7796333 26733738 80863523 69389718
10 100000000 100000000 100000000 100000000 100000000 100000000 96138714 3278647 54196414 59283802
3 58463888 55658675 84849600
10 100000000 100000000 100000000 100000000 100000000 100000000 100000000 73113083 53241687 69879577
6 23847104 24667529 69853162 96893115 92743560 43200292
