15
900 901
1 2
2 3
3 4
4 5
5 6
6 7
7 8
8 9
9 10
10 11
11 12
12 13
13 14
14 15
15 16
16 17
17 18
18 19
19 20
20 21
21 22
22 23
23 24
24 25
25 26
26 27
27 28
28 29
29 30
30 31
31 32
32 33
33 34
34 35
35 36
36 37
37 38
38 39
39 40
40 41
41 42
42 43
43 44
44 45
45 46
46 47
47 48
48 49
49 50
50 51
51 52
52 53
53 54
54 55
55 56
56 57
57 58
58 59
59 60
60 61
61 62
62 63
63 64
64 65
65 66
66 67
67 68
68 69
69 70
70 71
71 72
72 73
73 74
74 75
75 76
76 77
77 78
78 79
79 80
80 81
81 82
82 83
83 84
84 85
85 86
86 87
87 88
88 89
89 90
90 91
91 92
92 93
93 94
94 95
95 96
96 97
97 98
98 99
99 100
100 101
101 102
102 103
103 104
104 105
105 106
106 107
107 108
108 109
109 110
110 111
111 112
112 113
113 114
114 115
115 116
116 117
117 118
118 119
119 120
120 121
121 122
122 123
123 124
124 125
125 126
126 127
127 128
128 129
129 130
130 131
131 132
132 133
133 134
134 135
135 136
136 137
137 138
138 139
139 140
140 141
141 142
142 143
143 144
144 145
145 146
146 147
147 148
148 149
149 150
150 151
151 152
152 153
153 154
154 155
155 156
156 157
157 158
158 159
159 160
160 161
161 162
162 163
163 164
164 165
165 166
166 167
167 168
168 169
169 170
170 171
171 172
172 173
173 174
174 175
175 176
176 177
177 178
178 179
179 180
180 181
181 182
182 183
183 184
184 185
185 186
186 187
187 188
188 189
189 190
190 191
191 192
192 193
193 194
194 195
195 196
196 197
197 198
198 199
199 200
200 201
201 202
202 203
203 204
204 205
205 206
206 207
207 208
208 209
209 210
210 211
211 212
212 213
213 214
214 215
215 216
216 217
217 218
218 219
219 220
220 221
221 222
222 223
223 224
224 225
225 226
226 227
227 228
228 229
229 230
230 231
231 232
232 233
233 234
234 235
235 236
236 237
237 238
238 239
239 240
240 241
241 242
242 243
243 244
244 245
245 246
246 247
247 248
248 249
249 250
250 251
251 252
252 253
253 254
254 255
255 256
256 257
257 258
258 259
259 260
260 261
261 262
262 263
263 264
264 265
265 266
266 267
267 268
268 269
269 270
270 271
271 272
272 273
273 274
274 275
275 276
276 277
277 278
278 279
279 280
280 281
281 282
282 283
283 284
284 285
285 286
286 287
287 288
288 289
289 290
290 291
291 292
292 293
293 294
294 295
295 296
296 297
297 298
298 299
299 300
300 301
301 302
302 303
303 304
304 305
305 306
306 307
307 308
308 309
309 310
310 311
311 312
312 313
313 314
314 315
315 316
316 317
317 318
318 319
319 320
320 321
321 322
322 323
323 324
324 325
325 326
326 327
327 328
328 329
329 330
330 331
331 332
332 333
333 334
334 335
335 336
336 337
337 338
338 339
339 340
340 341
341 342
342 343
343 344
344 345
345 346
346 347
347 348
348 349
349 350
350 351
351 352
352 353
353 354
354 355
355 356
356 357
357 358
358 359
359 360
360 361
361 362
362 363
363 364
364 365
365 366
366 367
367 368
368 369
369 370
370 371
371 372
372 373
373 374
374 375
375 376
376 377
377 378
378 379
379 380
380 381
381 382
382 383
383 384
384 385
385 386
386 387
387 388
388 389
389 390
390 391
391 392
392 393
393 394
394 395
395 396
396 397
397 398
398 399
399 400
400 401
401 402
402 403
403 404
404 405
405 406
406 407
407 408
408 409
409 410
410 411
411 412
412 413
413 414
414 415
415 416
416 417
417 418
418 419
419 420
420 421
421 422
422 423
423 424
424 425
425 426
426 427
427 428
428 429
429 430
430 431
431 432
432 433
433 434
434 435
435 436
436 437
437 438
438 439
439 440
440 441
441 442
442 443
443 444
444 445
445 446
446 447
447 448
448 449
449 450
450 1
451 452
452 453
453 454
454 455
455 456
456 457
457 458
458 459
459 460
460 461
461 462
462 463
463 464
464 465
465 466
466 467
467 468
468 469
469 470
470 471
471 472
472 473
473 474
474 475
475 476
476 477
477 478
478 479
479 480
480 481
481 482
482 483
483 484
484 485
485 486
486 487
487 488
488 489
489 490
490 491
491 492
492 493
493 494
494 495
495 496
496 497
497 498
498 499
499 500
500 501
501 502
502 503
503 504
504 505
505 506
506 507
507 508
508 509
509 510
510 511
511 512
512 513
513 514
514 515
515 516
516 517
517 518
518 519
519 520
520 521
521 522
522 523
523 524
524 525
525 526
526 527
527 528
528 529
529 530
530 531
531 532
532 533
533 534
534 535
535 536
536 537
537 538
538 539
539 540
540 541
541 542
542 543
543 544
544 545
545 546
546 547
547 548
548 549
549 550
550 551
551 552
552 553
553 554
554 555
555 556
556 557
557 558
558 559
559 560
560 561
561 562
562 563
563 564
564 565
565 566
566 567
567 568
568 569
569 570
570 571
571 572
572 573
573 574
574 575
575 576
576 577
577 578
578 579
579 580
580 581
581 582
582 583
583 584
584 585
585 586
586 587
587 588
588 589
589 590
590 591
591 592
592 593
593 594
594 595
595 596
596 597
597 598
598 599
599 600
600 601
601 602
602 603
603 604
604 605
605 606
606 607
607 608
608 609
609 610
610 611
611 612
612 613
613 614
614 615
615 616
616 617
617 618
618 619
619 620
620 621
621 622
622 623
623 624
624 625
625 626
626 627
627 628
628 629
629 630
630 631
631 632
632 633
633 634
634 635
635 636
636 637
637 638
638 639
639 640
640 641
641 642
642 643
643 644
644 645
645 646
646 647
647 648
648 649
649 650
650 651
651 652
652 653
653 654
654 655
655 656
656 657
657 658
658 659
659 660
660 661
661 662
662 663
663 664
664 665
665 666
666 667
667 668
668 669
669 670
670 671
671 672
672 673
673 674
674 675
675 676
676 677
677 678
678 679
679 680
680 681
681 682
682 683
683 684
684 685
685 686
686 687
687 688
688 689
689 690
690 691
691 692
692 693
693 694
694 695
695 696
696 697
697 698
698 699
699 700
700 701
701 702
702 703
703 704
704 705
705 706
706 707
707 708
708 709
709 710
710 711
711 712
712 713
713 714
714 715
715 716
716 717
717 718
718 719
719 720
720 721
721 722
722 723
723 724
724 725
725 726
726 727
727 728
728 729
729 730
730 731
731 732
732 733
733 734
734 735
735 736
736 737
737 738
738 739
739 740
740 741
741 742
742 743
743 744
744 745
745 746
746 747
747 748
748 749
749 750
750 751
751 752
752 753
753 754
754 755
755 756
756 757
757 758
758 759
759 760
760 761
761 762
762 763
763 764
764 765
765 766
766 767
767 768
768 769
769 770
770 771
771 772
772 773
773 774
774 775
775 776
776 777
777 778
778 779
779 780
780 781
781 782
782 783
783 784
784 785
785 786
786 787
787 788
788 789
789 790
790 791
791 792
792 793
793 794
794 795
795 796
796 797
797 798
798 799
799 800
800 801
801 802
802 803
803 804
804 805
805 806
806 807
807 808
808 809
809 810
810 811
811 812
812 813
813 814
814 815
815 816
816 817
817 818
818 819
819 820
820 821
821 822
822 823
823 824
824 825
825 826
826 827
827 828
828 829
829 830
830 831
831 832
832 833
833 834
834 835
835 836
836 837
837 838
838 839
839 840
840 841
841 842
842 843
843 844
844 845
845 846
846 847
847 848
848 849
849 850
850 851
851 852
852 853
853 854
854 855
855 856
856 857
857 858
858 859
859 860
860 861
861 862
862 863
863 864
864 865
865 866
866 867
867 868
868 869
869 870
870 871
871 872
872 873
873 874
874 875
875 876
876 877
877 878
878 879
879 880
880 881
881 882
882 883
883 884
884 885
885 886
886 887
887 888
888 889
889 890
890 891
891 892
892 893
893 894
894 895
895 896
896 897
897 898
898 899
899 900
900 451
666 69
5 5
1 3
4 5
3 2
1 2
4 3
3 3
1 3
2 3
2 1
7 8
1 2
1 3
2 4
3 4
4 5
4 6
5 7
6 7
14 18
1 2
2 12
2 4
2 3
1 3
3 4
4 5
5 6
6 8
6 7
7 9
9 10
10 11
7 11
5 12
12 14
12 13
13 14
3 2
3 2
2 1
4 4
4 2
4 3
2 1
3 1
8 8
1 2
2 3
2 4
3 5
4 6
5 7
6 7
7 8
3 3
1 2
2 3
3 1
2 1
1 2
5 4
2 3
2 4
1 2
1 5
1000 999
484 5
105 6
111 7
144 11
140 12
703 14
417 21
625 29
527 34
655 36
773 37
84 38
806 47
978 49
930 56
19 58
385 59
157 62
535 66
494 69
293 71
968 73
608 74
694 78
747 80
432 81
318 83
595 85
904 86
890 87
136 90
988 91
557 94
124 99
533 101
998 103
255 105
573 106
51 108
916 109
138 110
197 114
747 117
664 120
610 121
239 125
747 130
426 132
792 134
171 141
846 143
27 148
612 150
398 151
916 152
474 153
288 154
891 155
142 156
629 142
917 160
749 161
989 163
384 164
841 167
865 171
118 173
881 118
497 176
271 177
421 179
206 183
476 184
452 185
746 186
776 187
597 193
896 196
845 197
65 198
903 200
432 201
581 202
668 205
617 206
426 211
454 213
704 216
274 217
760 219
53 225
453 226
410 227
620 228
139 233
706 235
464 237
512 239
668 240
758 241
757 243
587 244
231 245
112 231
744 247
336 253
50 255
985 258
26 263
916 26
895 267
409 269
982 271
923 272
18 273
297 18
254 274
190 276
492 280
111 282
740 111
293 286
129 289
913 294
178 295
800 298
493 299
409 300
917 302
929 305
405 307
291 310
945 291
223 311
731 312
600 313
794 317
42 319
149 322
52 324
529 52
158 326
98 158
287 98
617 287
507 329
72 332
757 72
88 336
204 337
958 341
560 342
113 343
250 113
162 344
856 346
773 349
971 350
883 352
624 354
539 355
124 356
973 124
437 357
754 358
786 361
501 362
620 364
169 367
558 169
304 368
605 370
443 371
421 372
533 374
588 380
331 387
515 389
427 393
584 394
194 395
481 396
340 398
808 401
383 403
544 407
338 410
913 338
960 412
377 417
534 377
981 421
250 425
962 250
686 426
306 428
678 306
33 429
480 33
992 431
409 432
446 433
363 438
45 363
386 440
755 386
750 441
203 443
439 203
583 445
905 450
986 454
304 455
898 304
850 456
519 457
523 458
140 463
181 465
549 467
416 468
262 472
782 262
681 474
538 477
122 479
32 122
260 32
281 480
366 281
252 366
537 483
593 484
865 487
824 492
717 493
84 494
15 495
613 15
223 496
159 501
740 503
96 505
67 96
191 508
813 509
828 513
518 514
166 515
209 516
741 518
345 520
691 521
544 523
43 524
818 43
694 526
315 529
420 315
265 420
709 265
571 530
578 532
462 533
138 462
845 534
147 535
325 536
459 539
667 459
399 541
383 544
977 545
743 547
232 549
308 550
316 551
938 316
400 552
303 554
527 557
522 527
30 558
542 30
406 542
749 559
39 561
945 563
297 567
742 568
188 569
497 570
461 497
812 461
175 574
995 575
847 576
811 577
320 578
594 320
947 580
842 582
138 586
764 138
251 587
665 251
314 588
292 589
718 292
453 591
382 592
801 593
573 596
102 573
713 102
828 597
710 598
192 601
259 604
902 259
951 605
808 606
846 607
192 608
402 610
876 611
750 614
264 615
208 616
359 208
668 617
188 618
84 188
643 620
210 622
732 623
75 624
733 75
490 625
683 490
157 627
375 628
444 634
378 444
447 378
123 447
46 123
384 636
983 384
405 637
685 639
884 640
268 645
82 268
583 646
749 583
31 647
667 648
285 649
439 651
940 439
279 652
923 279
874 659
334 660
704 663
190 665
139 190
388 139
411 388
676 411
453 666
502 453
178 667
510 668
100 510
146 669
61 670
60 672
166 60
792 166
819 673
758 675
761 676
104 680
511 682
13 683
82 13
999 82
945 687
564 692
107 564
793 693
830 694
531 695
934 531
168 698
987 168
942 699
769 700
335 701
743 702
436 703
359 436
376 705
658 376
422 707
236 422
434 236
89 708
9 709
451 9
93 716
696 718
602 720
653 721
45 653
879 45
182 722
224 723
874 725
323 728
958 323
912 729
594 730
264 594
220 264
837 731
391 736
847 738
965 740
31 741
878 745
935 746
107 748
674 107
46 750
55 751
840 55
24 753
24 754
732 757
50 760
626 50
686 761
308 686
488 763
747 488
144 764
522 766
812 767
178 768
159 178
507 770
460 772
435 460
546 773
603 546
812 775
147 778
724 779
333 724
986 780
910 782
654 783
191 654
175 191
157 784
566 785
418 566
406 418
674 406
997 786
762 787
182 762
224 789
920 792
369 793
560 795
373 560
902 373
288 796
807 288
22 798
555 799
794 801
961 794
331 803
774 331
658 804
285 658
691 808
630 811
742 812
805 742
159 805
89 159
807 89
901 813
290 814
165 290
224 165
146 816
631 146
473 631
351 473
442 351
222 817
643 222
715 818
800 715
321 800
507 321
752 507
4 819
257 820
482 821
810 482
788 810
711 824
126 711
309 126
88 309
977 88
397 825
430 397
390 430
749 829
755 830
500 832
194 500
747 194
896 747
246 833
131 834
79 835
538 79
466 538
335 466
571 836
414 837
232 414
249 232
415 249
318 840
671 841
170 671
415 170
844 842
506 844
481 506
774 481
218 774
25 845
706 25
852 846
464 848
863 464
224 849
562 224
981 562
998 850
744 851
128 744
517 852
674 517
382 674
706 382
413 853
522 854
525 522
996 525
948 855
42 856
476 42
333 476
600 333
704 858
257 704
907 257
44 859
399 860
831 399
696 831
734 696
642 734
469 863
423 469
1 423
924 1
895 866
339 867
714 868
880 869
390 870
933 390
644 872
478 644
28 478
706 28
881 873
283 874
777 283
27 777
826 876
931 826
303 879
678 303
511 880
369 511
900 883
128 884
254 128
68 885
157 68
758 157
970 758
385 886
621 385
221 887
739 221
470 739
945 470
878 888
632 878
656 632
752 656
790 752
133 889
31 133
712 31
44 712
954 44
4 891
140 4
297 140
449 297
27 449
765 892
301 765
335 301
256 894
172 256
809 172
928 900
897 902
843 897
733 843
638 733
144 638
629 144
613 629
48 903
136 904
963 905
475 906
498 475
112 498
104 112
933 104
727 908
973 727
252 909
960 252
802 911
839 802
391 912
77 391
238 915
735 238
339 735
871 339
970 916
491 918
579 491
619 579
571 619
65 571
115 919
519 115
910 519
997 922
749 924
471 749
266 471
392 266
928 392
626 925
776 626
890 776
499 926
931 499
948 928
334 929
543 930
732 931
923 732
485 923
719 485
67 719
93 67
917 933
409 917
697 409
661 697
442 661
318 934
20 935
755 20
790 755
77 790
23 77
713 23
985 713
838 936
84 838
278 937
847 939
809 940
969 809
489 942
328 489
149 943
662 149
234 662
898 944
717 946
679 947
565 948
84 565
664 84
437 664
93 437
318 949
986 318
797 950
986 797
689 951
771 689
365 771
383 365
827 383
992 952
296 954
285 296
137 285
419 137
325 419
347 325
806 347
402 806
486 955
330 486
548 957
48 548
543 958
335 961
822 335
553 822
427 553
400 427
369 400
308 369
116 962
452 116
254 452
679 963
223 679
93 223
230 93
261 230
254 261
212 254
204 212
815 965
914 815
964 914
743 964
992 743
65 966
192 65
76 967
434 76
941 434
22 941
791 22
847 791
8 847
953 8
504 953
127 504
413 127
448 413
70 968
714 70
334 714
726 334
537 969
913 537
630 970
181 630
945 181
51 945
136 51
613 136
220 971
975 220
613 972
242 613
882 973
600 882
839 600
314 839
19 314
898 19
584 898
927 584
3 927
983 3
234 974
633 234
706 633
726 977
643 726
246 978
555 246
609 555
408 609
260 408
657 260
402 657
97 402
242 979
308 242
595 980
162 595
590 162
688 982
405 983
174 405
61 174
189 984
643 189
759 643
581 985
861 581
655 861
92 655
910 92
677 910
54 677
119 990
907 119
913 907
2 913
706 2
277 706
737 277
327 737
788 327
899 788
214 899
865 214
199 865
41 199
348 41
40 348
284 40
48 991
424 48
827 424
556 827
359 556
890 359
938 890
681 992
53 993
248 53
275 248
769 275
446 769
932 446
442 932
512 442
681 512
960 681
381 960
27 381
635 27
218 635
999 218
340 994
938 340
599 938
997 599
330 996
353 330
862 353
975 997
612 975
308 612
995 308
284 995
278 284
871 278
64 871
35 64
621 35
61 621
46 61
135 46
989 135
981 989
857 981
195 857
684 195
881 684
895 881
717 895
379 717
956 379
691 956
986 691
893 986
328 893
921 328
690 921
270 690
448 270
877 448
435 877
17 435
875 17
710 875
920 710
57 920
175 57
180 175
781 180
415 781
540 415
404 540
759 404
896 759
543 896
95 543
145 95
63 145
345 63
97 998
204 97
641 204
585 641
590 585
572 590
24 572
129 24
192 129
502 192
10 502
828 10
360 828
147 360
976 147
451 976
864 451
16 864
688 16
988 688
862 988
131 862
642 131
602 642
54 602
416 54
345 416
603 345
678 603
293 678
209 293
959 209
650 959
528 650
807 528
1000 807
987 999
901 987
100 901
215 100
756 215
375 756
823 375
210 823
182 210
39 182
685 39
207 685
229 207
229 1000
54 3
36 4
144 5
184 6
43 7
156 19
74 20
175 30
194 31
22 32
37 39
24 40
86 41
8 47
11 48
191 11
56 49
50 51
98 50
149 52
33 55
114 57
46 59
194 46
122 62
117 63
153 75
66 76
197 66
81 79
60 80
161 60
64 81
27 64
53 86
123 53
129 90
126 91
12 93
135 94
191 97
61 99
45 101
149 103
1 104
61 1
10 61
119 105
121 106
42 108
14 42
182 14
9 109
100 9
157 110
26 112
15 26
68 114
119 115
73 116
159 73
13 122
124 123
158 124
111 126
77 111
10 77
38 10
18 38
195 18
58 128
58 134
189 58
23 136
36 23
56 36
54 137
65 54
67 142
92 144
24 147
117 24
130 117
74 149
78 74
72 78
184 72
132 150
138 152
27 154
95 156
29 157
100 29
22 100
169 22
172 158
21 162
178 21
68 164
132 68
15 171
98 172
140 174
169 140
27 169
143 175
179 143
139 176
129 177
192 129
84 178
25 179
12 180
183 181
96 183
151 96
34 184
17 34
161 17
107 185
27 107
16 27
170 16
153 170
163 153
125 163
135 125
127 135
33 127
167 33
155 187
159 188
12 189
186 12
146 186
67 190
37 191
95 37
141 95
56 141
67 56
168 67
65 168
89 192
139 89
130 139
161 193
113 161
132 113
69 194
138 69
195 138
166 195
133 166
8 133
159 8
182 159
130 182
71 130
84 197
98 84
13 98
35 13
88 35
146 88
102 146
148 102
85 148
65 85
83 65
160 83
198 160
44 198
167 199
44 167
87 44
196 87
131 196
155 131
121 155
173 121
15 173
25 15
70 25
28 70
71 28
151 71
145 151
82 145
165 82
92 165
45 92
43 45
132 43
118 132
2 118
119 2
120 119
120 200
200 499
54 3
36 4
144 5
184 6
43 7
156 19
74 20
175 30
194 31
22 32
37 39
24 40
86 41
8 47
11 48
191 11
56 49
50 51
98 50
149 52
33 55
114 57
46 59
194 46
122 62
117 63
153 75
66 76
197 66
81 79
60 80
161 60
64 81
27 64
53 86
123 53
129 90
126 91
12 93
135 94
191 97
61 99
45 101
149 103
1 104
61 1
10 61
119 105
121 106
42 108
14 42
182 14
9 109
100 9
157 110
26 112
15 26
68 114
119 115
73 116
159 73
13 122
124 123
158 124
111 126
77 111
10 77
38 10
18 38
195 18
58 128
58 134
189 58
23 136
36 23
56 36
54 137
65 54
67 142
92 144
24 147
117 24
130 117
74 149
78 74
72 78
184 72
132 150
138 152
27 154
95 156
29 157
100 29
22 100
169 22
172 158
21 162
178 21
68 164
132 68
15 171
98 172
140 174
169 140
27 169
143 175
179 143
139 176
129 177
192 129
84 178
25 179
12 180
183 181
96 183
151 96
34 184
17 34
161 17
107 185
27 107
16 27
170 16
153 170
163 153
125 163
135 125
127 135
33 127
167 33
155 187
159 188
12 189
186 12
146 186
67 190
37 191
95 37
141 95
56 141
67 56
168 67
65 168
89 192
139 89
130 139
161 193
113 161
132 113
69 194
138 69
195 138
166 195
133 166
8 133
159 8
182 159
130 182
71 130
84 197
98 84
13 98
35 13
88 35
146 88
102 146
148 102
85 148
65 85
83 65
160 83
198 160
44 198
167 199
44 167
87 44
196 87
131 196
155 131
121 155
173 121
15 173
25 15
70 25
28 70
71 28
151 71
145 151
82 145
165 82
92 165
45 92
43 45
132 43
118 132
2 118
119 2
120 119
120 200
65 99
137 176
168 7
196 159
65 78
94 196
132 120
46 60
77 78
173 77
163 136
127 42
175 196
171 175
118 55
154 125
178 196
180 103
160 139
93 105
7 50
94 171
44 24
112 29
42 120
188 168
27 79
24 80
22 7
120 47
163 77
10 48
94 174
190 88
20 89
65 200
65 45
88 189
85 143
45 27
145 186
82 196
194 79
70 175
154 183
171 188
156 29
45 146
169 114
51 138
190 50
174 173
77 130
133 177
69 64
117 148
133 147
132 162
79 100
152 122
71 62
200 96
182 105
130 138
165 185
6 189
193 38
47 26
104 23
29 1
68 180
135 32
166 187
175 180
8 99
200 184
51 59
90 108
171 93
8 186
172 106
173 86
7 53
142 37
57 165
154 74
95 71
32 72
155 88
153 91
13 24
85 113
6 171
184 23
4 172
110 129
172 58
115 33
83 100
80 200
175 45
142 3
41 133
105 73
155 171
105 128
83 55
170 19
185 124
192 183
75 175
18 167
52 47
59 71
22 57
16 123
153 173
18 93
56 58
96 161
5 77
13 30
60 95
109 94
126 168
147 195
100 87
173 191
76 110
166 27
91 189
66 172
122 103
176 98
185 166
139 141
19 7
97 6
184 115
100 179
59 129
12 109
175 4
45 169
194 180
47 95
3 119
183 69
77 108
14 24
55 179
140 101
127 4
154 148
91 142
182 186
162 107
139 50
89 137
138 178
13 199
138 82
130 41
80 135
154 103
10 178
4 59
20 76
65 95
157 99
61 108
185 168
62 26
171 85
80 66
60 86
10 72
110 95
183 194
9 186
160 18
61 75
73 82
198 153
19 71
98 163
115 135
136 42
190 28
47 45
29 86
198 86
146 77
130 172
179 79
149 22
58 183
34 170
134 26
110 127
79 71
161 82
102 156
181 127
171 70
7 159
40 79
45 166
55 1
169 97
40 108
53 197
121 130
78 69
112 10
140 148
59 197
191 138
92 109
133 105
150 86
8 125
77 107
35 189
45 107
148 34
2 49
158 62
77 152
148 183
80 97
181 43
47 20
129 60
12 27
103 61
15 38
86 151
174 36
86 144
137 191
41 57
12 55
35 146
197 200
126 50
138 59
14 131
146 38
129 70
58 78
68 9
19 32
76 37
130 89
18 141
39 145
68 170
181 3
114 11
172 85
64 72
74 15
25 181
47 134
120 194
172 45
122 128
199 36
69 135
71 29
64 76
60 146
66 72
55 86
118 126
147 85
72 98
153 30
138 94
171 190
3 59
138 145
134 60
30 101
126 147
61 190
40 141
84 96
113 173
146 63
136 193
2 195
49 51
155 180
14 41
68 148
101 127
137 101
47 57
1000 999
648 2
198 5
166 6
932 8
824 10
819 12
800 14
912 18
921 19
543 21
998 25
325 26
504 27
757 29
778 31
582 32
414 33
131 36
363 43
46 44
306 51
275 53
430 55
243 58
274 61
650 63
256 65
987 66
702 68
313 69
173 70
911 74
96 75
770 77
574 78
396 79
830 80
660 81
503 83
584 86
485 88
266 93
749 100
190 102
658 103
877 105
192 106
151 107
930 111
821 113
140 120
676 125
967 131
609 135
266 136
185 138
565 139
991 140
791 143
712 144
840 147
879 149
525 150
796 153
626 157
50 161
451 165
599 167
610 168
229 169
587 171
938 172
678 173
695 175
972 178
228 180
440 181
791 182
745 186
847 188
924 190
821 193
480 195
281 197
1000 201
636 203
98 206
512 98
159 209
849 212
928 221
509 224
910 225
16 229
749 16
335 232
194 236
329 194
924 238
377 239
906 240
315 243
54 245
393 54
813 248
785 249
964 252
619 253
915 258
844 261
170 262
976 263
569 264
28 266
434 267
470 269
475 270
795 271
427 275
280 276
7 277
410 7
28 278
625 28
198 280
972 282
260 283
455 287
108 291
741 108
448 292
211 296
226 211
141 226
710 297
376 298
37 299
846 37
524 301
295 307
845 295
91 308
751 91
837 309
501 311
970 313
122 318
723 321
725 323
764 324
946 331
47 333
289 47
528 334
481 337
320 338
470 340
40 341
183 40
607 344
808 345
896 346
852 347
745 348
403 353
39 354
492 363
370 364
680 366
234 370
564 234
521 376
807 377
24 382
210 24
844 384
725 386
562 387
905 388
42 397
39 42
254 398
985 399
52 400
883 52
552 401
437 403
575 405
214 406
402 214
374 402
11 374
901 11
764 408
636 412
562 414
411 415
359 411
50 359
230 416
846 419
303 420
970 303
735 421
579 423
542 427
855 431
893 432
771 437
114 439
811 445
849 447
594 448
46 451
219 46
650 219
82 454
390 455
795 390
57 456
148 57
237 458
689 459
145 460
442 462
811 442
522 464
210 466
429 210
636 429
576 470
728 471
260 473
598 260
712 474
633 476
756 478
191 480
967 482
981 487
101 491
591 494
205 499
137 500
646 137
284 501
624 504
986 506
566 507
834 515
436 517
327 436
968 519
71 525
497 528
489 497
467 530
379 467
250 379
477 250
152 532
4 152
879 4
368 534
362 368
302 536
202 302
509 202
634 509
629 539
444 544
72 545
770 547
123 548
713 123
866 551
973 552
9 557
678 9
933 561
621 564
132 565
708 566
306 567
349 569
380 349
446 570
521 571
774 574
325 575
624 325
910 576
360 577
864 579
718 581
435 582
652 435
934 584
909 589
840 590
330 591
362 330
691 592
216 593
328 594
762 597
393 601
619 605
556 606
958 556
815 608
268 610
609 611
808 616
163 617
986 618
196 619
444 621
483 624
957 483
956 625
898 628
814 629
598 631
723 598
795 632
381 634
304 635
284 304
290 638
216 290
121 216
162 121
718 162
763 642
920 643
981 649
489 650
163 651
493 652
524 653
596 659
133 596
101 133
688 660
734 661
543 662
389 664
145 665
446 145
118 666
247 118
683 669
878 672
901 674
187 677
872 187
722 679
512 680
995 682
912 684
646 687
531 646
956 688
274 689
76 274
754 690
761 693
996 697
479 699
468 700
254 468
336 703
410 704
342 705
563 706
781 709
450 710
13 712
783 13
316 713
828 716
943 717
314 718
235 314
959 720
676 721
163 676
708 163
329 723
192 724
978 726
783 728
200 730
648 200
391 731
510 391
342 732
444 342
259 444
362 733
603 362
204 603
738 734
227 737
449 227
975 449
729 738
795 729
735 739
648 740
141 742
310 141
894 310
395 744
554 395
284 554
380 284
685 745
371 749
968 371
727 750
265 751
230 752
84 753
771 755
356 756
505 356
542 757
678 542
183 678
993 760
691 761
191 691
895 765
493 766
890 493
112 767
836 112
803 768
95 769
433 95
166 771
854 166
465 772
658 774
777 658
71 778
923 71
814 779
533 782
790 783
38 785
365 786
923 365
540 788
533 540
741 533
300 741
242 300
247 242
479 790
41 792
969 41
380 793
39 794
110 795
685 110
418 685
191 796
708 191
546 797
218 798
518 218
919 518
694 799
351 694
952 801
520 802
176 520
955 176
495 804
425 495
560 425
15 805
198 806
529 198
62 529
230 62
256 807
94 256
502 809
329 502
599 329
192 599
237 810
17 812
667 17
142 667
246 142
490 246
159 813
306 159
960 306
844 816
417 818
119 820
23 821
527 23
773 823
702 773
128 702
418 128
607 418
967 824
254 825
22 254
101 828
698 101
126 698
743 829
671 830
675 835
477 836
199 477
833 837
560 838
763 560
39 839
832 841
923 832
272 843
815 844
708 815
479 845
215 847
20 215
585 20
335 585
257 335
537 257
892 537
817 848
127 817
372 850
917 372
217 853
404 858
770 404
535 770
630 535
289 630
463 859
244 463
922 860
235 863
99 235
637 99
711 864
543 711
636 543
281 865
207 866
673 207
811 673
546 811
668 867
833 668
626 833
322 626
217 868
578 869
164 578
701 164
787 871
559 787
929 559
657 873
975 875
272 878
373 272
461 373
683 461
645 683
189 879
85 189
508 85
562 508
479 562
114 479
990 114
974 881
913 882
763 885
983 763
72 886
553 72
428 887
607 888
115 889
94 115
846 94
490 846
896 891
931 892
317 893
231 317
486 231
538 486
657 538
339 894
880 339
413 880
503 897
204 503
375 204
978 375
351 900
15 351
45 15
620 904
237 620
919 237
472 905
294 907
289 908
154 289
957 154
955 909
453 910
279 453
827 911
381 827
614 381
184 614
60 912
849 60
937 913
981 915
393 917
511 919
735 511
498 735
281 498
247 921
369 247
613 369
558 613
241 558
692 241
293 692
410 293
516 410
326 516
834 923
336 834
179 336
637 925
457 926
76 927
213 76
602 213
119 928
124 119
184 124
895 184
122 929
320 930
422 320
438 931
849 438
177 849
814 177
322 932
781 933
82 781
580 82
510 580
725 510
223 725
84 223
948 934
73 935
109 73
992 109
776 936
777 776
874 777
854 874
116 854
637 116
90 637
490 90
526 937
469 526
736 469
417 736
587 417
655 587
39 655
896 39
228 938
645 228
393 940
92 941
352 92
955 352
222 942
268 222
38 944
332 946
657 332
902 657
97 902
822 97
158 822
89 158
38 89
639 949
762 639
644 762
568 644
872 950
472 872
855 472
588 951
279 588
396 952
922 396
294 953
647 294
656 647
758 955
355 758
441 355
748 957
954 748
394 958
775 394
995 959
392 960
890 392
34 890
961 962
230 961
446 230
857 963
220 857
681 964
842 681
553 842
670 553
326 670
633 966
440 633
654 440
475 967
155 475
67 155
522 67
446 522
641 446
708 641
896 708
492 968
852 492
87 852
840 969
505 840
35 505
775 35
322 775
563 322
244 971
315 244
851 315
831 972
84 831
707 84
948 973
358 948
675 358
531 675
126 531
780 126
255 780
648 255
430 648
48 430
132 48
117 132
146 117
856 974
851 856
686 851
233 975
573 233
343 573
982 343
156 976
130 156
514 977
326 978
279 326
488 279
185 488
876 185
722 876
45 722
572 45
719 572
568 719
549 568
512 549
360 512
636 360
901 636
441 979
1 981
600 1
496 982
759 496
939 759
96 939
612 985
563 612
393 563
604 393
727 604
898 727
87 898
312 87
523 986
609 523
924 609
870 924
789 870
615 789
208 615
943 208
380 987
895 380
920 895
714 988
896 714
791 896
743 791
49 743
754 49
268 754
627 268
877 989
901 877
645 901
965 645
428 990
484 428
906 484
600 906
367 600
422 991
129 422
192 129
546 192
970 546
764 970
746 764
50 746
56 50
424 56
426 992
424 426
361 424
654 361
130 654
521 130
884 521
640 884
686 640
179 686
980 993
148 994
947 148
30 947
695 30
64 695
513 64
104 995
524 104
814 996
265 814
514 265
627 514
550 627
433 550
465 433
883 465
481 883
441 481
3 441
170 3
903 170
350 903
413 350
622 413
513 622
319 513
956 319
715 956
357 715
146 357
671 146
457 671
328 457
602 328
286 602
96 286
490 96
983 997
922 983
285 922
607 285
22 607
134 22
808 998
174 808
59 174
34 59
583 34
945 583
183 945
663 999
861 663
407 861
826 407
555 826
251 555
899 251
217 899
409 217
434 409
134 434
920 134
122 920
205 122
656 205
623 656
980 623
800 980
389 800
316 389
701 316
288 701
803 288
914 803
127 914
183 127
367 183
450 367
819 450
327 819
918 327
965 918
489 965
524 489
273 524
312 273
199 312
385 199
943 385
179 943
527 179
305 527
38 305
784 38
443 784
541 443
586 541
855 586
452 855
916 452
259 916
696 259
707 696
747 707
196 747
383 196
160 383
220 160
954 220
378 954
485 378
595 485
862 595
151 862
490 151
281 490
984 281
984 1000
500 500
142 1
190 2
11 3
136 4
58 5
61 7
88 8
48 9
178 11
97 13
99 18
88 19
126 20
40 21
32 23
185 26
101 28
68 29
107 31
35 40
100 41
177 42
78 43
113 45
107 46
107 47
125 48
66 50
54 51
101 54
60 64
117 65
86 66
96 67
57 69
99 70
146 72
83 73
132 74
96 76
81 79
180 82
89 86
182 88
136 92
55 94
57 96
12 57
104 97
10 98
81 99
58 100
90 58
80 102
32 103
49 32
56 104
60 56
36 105
120 36
14 106
141 14
68 110
68 112
147 113
115 114
83 116
162 83
75 117
159 120
131 122
162 124
78 127
53 128
12 129
164 130
68 131
186 68
154 138
200 141
77 142
109 77
91 109
16 146
55 147
189 149
52 151
60 52
135 152
38 135
121 38
111 154
159 111
81 158
118 159
132 160
63 132
90 63
148 161
10 162
134 167
101 168
62 169
115 172
195 175
90 176
85 177
30 85
185 178
107 179
155 107
156 180
59 156
37 59
171 182
30 171
170 30
181 170
33 181
80 33
150 183
37 150
17 184
163 17
155 185
12 155
144 12
53 144
24 186
60 24
61 60
165 61
148 165
157 148
78 157
123 78
143 123
44 143
93 44
53 93
89 53
139 89
62 188
81 62
192 81
139 189
164 139
95 191
25 95
193 192
174 193
187 174
200 187
115 194
39 115
25 195
35 25
108 35
39 108
118 39
84 118
22 84
6 22
75 6
145 75
80 145
71 196
153 71
49 153
27 197
119 27
90 119
101 90
137 101
136 137
80 136
163 80
16 163
164 16
198 164
121 198
126 121
173 126
125 173
37 125
190 37
134 190
199 134
15 199
133 15
166 133
91 166
34 91
140 34
10 140
55 10
87 55
49 87
49 200
361 206
375 211
255 215
393 216
388 217
395 218
345 220
222 221
252 222
384 223
336 224
444 225
212 227
316 230
229 232
465 234
319 238
304 241
290 242
338 243
332 244
370 245
430 254
496 255
386 264
495 265
363 268
214 270
293 271
310 272
248 275
249 277
347 278
294 279
276 280
335 281
482 286
348 287
487 288
389 289
201 290
273 295
309 273
276 296
240 276
266 297
401 298
258 299
493 258
282 301
469 309
284 316
479 284
431 320
283 321
437 283
439 323
431 324
442 325
445 328
318 330
495 331
446 332
210 334
384 210
237 337
405 339
246 341
460 246
364 342
311 346
344 351
348 352
237 348
454 356
302 358
249 359
260 249
478 260
409 360
239 361
257 239
367 363
315 364
366 315
404 365
257 366
314 367
240 368
285 369
311 370
261 371
392 261
308 372
292 375
236 292
213 236
374 213
457 374
226 377
311 226
445 380
486 383
350 385
354 388
282 390
274 395
355 398
447 355
431 399
336 406
401 336
313 401
237 313
403 410
353 403
362 353
252 411
408 252
384 408
357 384
362 357
235 412
484 235
344 415
307 417
228 307
393 418
431 393
312 419
257 420
340 257
481 340
354 422
475 423
487 424
253 425
407 426
318 407
474 427
476 432
481 437
373 438
274 373
354 274
253 354
343 253
329 439
478 441
440 442
458 440
397 443
434 397
205 444
499 205
402 445
209 402
318 447
233 318
389 233
202 389
291 202
285 448
421 452
421 454
219 421
453 456
329 453
431 329
312 431
293 312
434 293
228 434
300 228
304 300
310 304
229 457
394 458
285 462
327 467
461 470
478 472
263 473
208 263
413 208
446 413
455 474
327 475
478 327
394 476
449 394
498 449
451 477
350 451
291 478
259 291
212 259
308 212
314 479
481 314
484 480
391 481
251 391
247 251
430 482
362 430
429 362
201 429
256 201
311 256
207 311
207 483
250 207
231 484
350 231
455 486
326 455
229 326
344 487
343 344
335 343
349 488
396 349
463 396
219 463
469 219
392 469
459 489
460 459
285 460
250 285
306 250
247 306
387 247
347 387
446 490
317 446
400 317
282 400
382 282
310 382
294 310
203 294
204 203
209 204
416 209
436 416
322 436
466 322
409 493
495 494
319 495
450 319
269 496
350 269
267 350
308 267
492 308
433 492
381 433
466 381
333 466
497 333
214 498
305 214
237 305
379 237
335 379
468 499
248 468
347 248
450 347
497 450
335 497
485 335
404 485
240 404
461 240
409 461
464 409
428 464
229 428
302 229
303 302
465 303
491 465
405 491
392 405
386 392
414 386
338 414
345 338
378 345
262 378
266 262
435 266
471 435
376 471
376 500
69 420
900 901
1 2
2 3
3 4
4 5
5 6
6 7
7 8
8 9
9 10
10 11
11 12
12 13
13 14
14 15
15 16
16 17
17 18
18 19
19 20
20 21
21 22
22 23
23 24
24 25
25 26
26 27
27 28
28 29
29 30
30 31
31 32
32 33
33 34
34 35
35 36
36 37
37 38
38 39
39 40
40 41
41 42
42 43
43 44
44 45
45 46
46 47
47 48
48 49
49 50
50 51
51 52
52 53
53 54
54 55
55 56
56 57
57 58
58 59
59 60
60 61
61 62
62 63
63 64
64 65
65 66
66 67
67 68
68 69
69 70
70 71
71 72
72 73
73 74
74 75
75 76
76 77
77 78
78 79
79 80
80 81
81 82
82 83
83 84
84 85
85 86
86 87
87 88
88 89
89 90
90 91
91 92
92 93
93 94
94 95
95 96
96 97
97 98
98 99
99 100
100 101
101 102
102 103
103 104
104 105
105 106
106 107
107 108
108 109
109 110
110 111
111 112
112 113
113 114
114 115
115 116
116 117
117 118
118 119
119 120
120 121
121 122
122 123
123 124
124 125
125 126
126 127
127 128
128 129
129 130
130 131
131 132
132 133
133 134
134 135
135 136
136 137
137 138
138 139
139 140
140 141
141 142
142 143
143 144
144 145
145 146
146 147
147 148
148 149
149 150
150 151
151 152
152 153
153 154
154 155
155 156
156 157
157 158
158 159
159 160
160 161
161 162
162 163
163 164
164 165
165 166
166 167
167 168
168 169
169 170
170 171
171 172
172 173
173 174
174 175
175 176
176 177
177 178
178 179
179 180
180 181
181 182
182 183
183 184
184 185
185 186
186 187
187 188
188 189
189 190
190 191
191 192
192 193
193 194
194 195
195 196
196 197
197 198
198 199
199 200
200 201
201 202
202 203
203 204
204 205
205 206
206 207
207 208
208 209
209 210
210 211
211 212
212 213
213 214
214 215
215 216
216 217
217 218
218 219
219 220
220 221
221 222
222 223
223 224
224 225
225 226
226 227
227 228
228 229
229 230
230 231
231 232
232 233
233 234
234 235
235 236
236 237
237 238
238 239
239 240
240 241
241 242
242 243
243 244
244 245
245 246
246 247
247 248
248 249
249 250
250 251
251 252
252 253
253 254
254 255
255 256
256 257
257 258
258 259
259 260
260 261
261 262
262 263
263 264
264 265
265 266
266 267
267 268
268 269
269 270
270 271
271 272
272 273
273 274
274 275
275 276
276 277
277 278
278 279
279 280
280 281
281 282
282 283
283 284
284 285
285 286
286 287
287 288
288 289
289 290
290 291
291 292
292 293
293 294
294 295
295 296
296 297
297 298
298 299
299 300
300 301
301 302
302 303
303 304
304 305
305 306
306 307
307 308
308 309
309 310
310 311
311 312
312 313
313 314
314 315
315 316
316 317
317 318
318 319
319 320
320 321
321 322
322 323
323 324
324 325
325 326
326 327
327 328
328 329
329 330
330 331
331 332
332 333
333 334
334 335
335 336
336 337
337 338
338 339
339 340
340 341
341 342
342 343
343 344
344 345
345 346
346 347
347 348
348 349
349 350
350 351
351 352
352 353
353 354
354 355
355 356
356 357
357 358
358 359
359 360
360 361
361 362
362 363
363 364
364 365
365 366
366 367
367 368
368 369
369 370
370 371
371 372
372 373
373 374
374 375
375 376
376 377
377 378
378 379
379 380
380 381
381 382
382 383
383 384
384 385
385 386
386 387
387 388
388 389
389 390
390 391
391 392
392 393
393 394
394 395
395 396
396 397
397 398
398 399
399 400
400 401
401 402
402 403
403 404
404 405
405 406
406 407
407 408
408 409
409 410
410 411
411 412
412 413
413 414
414 415
415 416
416 417
417 418
418 419
419 420
420 421
421 422
422 423
423 424
424 425
425 426
426 427
427 428
428 429
429 430
430 431
431 432
432 433
433 434
434 435
435 436
436 437
437 438
438 439
439 440
440 441
441 442
442 443
443 444
444 445
445 446
446 447
447 448
448 449
449 450
450 1
451 452
452 453
453 454
454 455
455 456
456 457
457 458
458 459
459 460
460 461
461 462
462 463
463 464
464 465
465 466
466 467
467 468
468 469
469 470
470 471
471 472
472 473
473 474
474 475
475 476
476 477
477 478
478 479
479 480
480 481
481 482
482 483
483 484
484 485
485 486
486 487
487 488
488 489
489 490
490 491
491 492
492 493
493 494
494 495
495 496
496 497
497 498
498 499
499 500
500 501
501 502
502 503
503 504
504 505
505 506
506 507
507 508
508 509
509 510
510 511
511 512
512 513
513 514
514 515
515 516
516 517
517 518
518 519
519 520
520 521
521 522
522 523
523 524
524 525
525 526
526 527
527 528
528 529
529 530
530 531
531 532
532 533
533 534
534 535
535 536
536 537
537 538
538 539
539 540
540 541
541 542
542 543
543 544
544 545
545 546
546 547
547 548
548 549
549 550
550 551
551 552
552 553
553 554
554 555
555 556
556 557
557 558
558 559
559 560
560 561
561 562
562 563
563 564
564 565
565 566
566 567
567 568
568 569
569 570
570 571
571 572
572 573
573 574
574 575
575 576
576 577
577 578
578 579
579 580
580 581
581 582
582 583
583 584
584 585
585 586
586 587
587 588
588 589
589 590
590 591
591 592
592 593
593 594
594 595
595 596
596 597
597 598
598 599
599 600
600 601
601 602
602 603
603 604
604 605
605 606
606 607
607 608
608 609
609 610
610 611
611 612
612 613
613 614
614 615
615 616
616 617
617 618
618 619
619 620
620 621
621 622
622 623
623 624
624 625
625 626
626 627
627 628
628 629
629 630
630 631
631 632
632 633
633 634
634 635
635 636
636 637
637 638
638 639
639 640
640 641
641 642
642 643
643 644
644 645
645 646
646 647
647 648
648 649
649 650
650 651
651 652
652 653
653 654
654 655
655 656
656 657
657 658
658 659
659 660
660 661
661 662
662 663
663 664
664 665
665 666
666 667
667 668
668 669
669 670
670 671
671 672
672 673
673 674
674 675
675 676
676 677
677 678
678 679
679 680
680 681
681 682
682 683
683 684
684 685
685 686
686 687
687 688
688 689
689 690
690 691
691 692
692 693
693 694
694 695
695 696
696 697
697 698
698 699
699 700
700 701
701 702
702 703
703 704
704 705
705 706
706 707
707 708
708 709
709 710
710 711
711 712
712 713
713 714
714 715
715 716
716 717
717 718
718 719
719 720
720 721
721 722
722 723
723 724
724 725
725 726
726 727
727 728
728 729
729 730
730 731
731 732
732 733
733 734
734 735
735 736
736 737
737 738
738 739
739 740
740 741
741 742
742 743
743 744
744 745
745 746
746 747
747 748
748 749
749 750
750 751
751 752
752 753
753 754
754 755
755 756
756 757
757 758
758 759
759 760
760 761
761 762
762 763
763 764
764 765
765 766
766 767
767 768
768 769
769 770
770 771
771 772
772 773
773 774
774 775
775 776
776 777
777 778
778 779
779 780
780 781
781 782
782 783
783 784
784 785
785 786
786 787
787 788
788 789
789 790
790 791
791 792
792 793
793 794
794 795
795 796
796 797
797 798
798 799
799 800
800 801
801 802
802 803
803 804
804 805
805 806
806 807
807 808
808 809
809 810
810 811
811 812
812 813
813 814
814 815
815 816
816 817
817 818
818 819
819 820
820 821
821 822
822 823
823 824
824 825
825 826
826 827
827 828
828 829
829 830
830 831
831 832
832 833
833 834
834 835
835 836
836 837
837 838
838 839
839 840
840 841
841 842
842 843
843 844
844 845
845 846
846 847
847 848
848 849
849 850
850 851
851 852
852 853
853 854
854 855
855 856
856 857
857 858
858 859
859 860
860 861
861 862
862 863
863 864
864 865
865 866
866 867
867 868
868 869
869 870
870 871
871 872
872 873
873 874
874 875
875 876
876 877
877 878
878 879
879 880
880 881
881 882
882 883
883 884
884 885
885 886
886 887
887 888
888 889
889 890
890 891
891 892
892 893
893 894
894 895
895 896
896 897
897 898
898 899
899 900
900 451
666 69
