61
1 3 16
0 25 24
0 5 10000
0 3 2600
0 4 10000
0 22 10000
1 7 274
2 6 196
3 5 121
4 4 99
5 3 66
6 3 27
7 3 18
8 3 12
9 2 131
10 2 37
11 2 100
11 3 4
12 2 43
13 2 63
14 2 35
15 2 19
16 2 15
17 2 36
18 2 28
19 2 7
20 2 13
21 2 8
22 2 5
23 2 2
24 2 1
3 5 1000
3 5 2000
3 5 2001
3 5 2002
3 5 1734
3 5 1299
3 5 297
1 5 6345
1 5 3456
1 5 9876
1 5 10000
1 5 1324
2 6 1000
2 6 2000
2 6 3000
2 6 4000
2 6 5000
2 6 8000
2 2 79
2 3 154
2 4 274
2 5 1000
2 7 36
2 8 440
2 8 480
2 8 488
2 8 492
2 8 495
2 8 1
0 26 1