98 182
29 10
40 38
31 7
93 39
2 89
8 28
77 90
7 4
17 83
94 95
2 75
12 44
92 23
58 95
23 92
65 66
54 41
98 11
37 93
14 85
48 16
82 70
38 40
77 21
66 64
88 34
38 84
94 56
26 82
30 6
34 88
87 79
31 78
45 62
24 57
7 86
31 86
79 90
86 4
30 92
45 5
54 12
9 64
75 76
66 65
41 12
58 56
45 22
96 93
41 44
71 24
9 66
42 8
43 97
47 5
28 8
72 59
57 15
13 19
58 94
31 4
54 71
94 58
63 34
84 38
26 11
26 97
65 64
6 92
96 53
20 90
70 27
83 17
35 80
39 93
42 28
36 83
52 98
44 41
30 23
78 67
64 66
45 47
90 13
19 50
28 42
91 3
9 65
32 95
30 87
17 34
49 63
21 90
5 47
11 98
47 62
37 53
22 61
4 86
10 93
45 49
98 52
12 41
54 44
14 81
44 12
96 37
40 84
59 18
97 72
33 90
21 33
92 6
25 43
14 57
42 16
3 91
62 5
33 21
86 7
5 62
61 46
25 1
8 42
53 96
9 29
23 6
11 52
64 65
6 23
26 98
17 36
15 35
84 40
56 94
83 34
1 97
53 37
56 58
81 14
43 25
53 93
73 60
8 16
1 43
43 1
77 33
67 51
85 57
32 38
90 20
33 77
57 55
32 84
16 3
1 25
95 69
26 52
36 17
81 85
81 57
4 7
85 81
31 48
18 59
56 95
36 34
25 97
83 36
21 77
60 68
76 74
55 57
29 73
89 2
69 2
37 96
62 47
28 16
32 40
85 14
52 11
637
28 4
6 19
61 49
44 85
12 14
85 57
72 82
81 71
91 4
30 23
76 75
47 63
15 14
40 76
52 43
50 6
85 24
30 79
56 95
37 96
26 59
95 76
30 77
90 50
30 50
78 67
38 40
77 87
16 67
91 31
7 91
8 4
25 11
12 85
9 96
70 98
42 8
23 6
55 24
18 52
20 92
25 72
71 15
22 49
66 65
32 84
88 47
83 88
51 67
65 96
56 76
87 21
66 64
61 5
87 13
56 84
27 11
1 27
65 68
78 42
23 77
5 34
27 26
97 26
69 75
12 44
7 67
87 90
77 50
18 72
41 85
6 87
9 60
71 35
63 36
67 48
48 16
24 57
73 10
91 48
89 40
48 42
4 7
46 45
14 80
7 78
25 52
88 17
89 74
32 95
97 59
56 32
47 45
38 69
10 64
96 39
84 89
5 49
33 77
55 14
18 59
62 34
29 39
86 16
96 66
61 62
11 98
67 31
72 98
2 74
28 78
37 39
58 69
29 37
55 71
51 16
33 6
21 90
83 49
87 92
27 18
15 57
28 91
73 96
2 84
27 52
4 78
89 95
11 52
81 54
50 21
32 74
53 9
31 4
59 82
70 72
68 10
23 87
14 24
10 96
77 21
8 51
1 98
19 21
6 92
68 60
89 75
26 70
24 44
50 79
57 12
27 72
95 94
52 26
42 7
69 74
98 52
80 81
5 88
44 14
73 65
87 33
39 64
54 71
75 58
51 7
73 37
85 81
98 18
13 21
6 20
5 62
15 85
6 90
18 82
48 7
20 87
10 37
20 50
79 90
56 40
22 46
54 57
67 42
58 94
55 80
51 31
80 54
45 88
35 24
97 98
64 29
91 51
6 21
27 43
79 33
1 25
39 9
31 78
34 88
61 36
46 61
78 48
63 34
66 29
69 76
61 45
58 84
78 8
10 29
89 76
19 90
93 37
10 60
30 92
73 64
42 3
69 84
7 8
62 36
42 28
83 36
52 59
41 15
17 45
41 57
83 45
41 14
26 82
13 77
62 49
16 4
97 18
40 2
63 46
56 69
28 31
5 46
78 86
3 16
23 92
92 21
95 38
51 3
9 29
82 11
25 70
11 43
56 89
72 1
46 47
45 34
95 2
2 38
23 79
93 39
54 35
18 11
70 97
71 41
15 44
69 40
3 8
48 86
82 98
26 11
39 66
10 9
66 37
22 61
84 74
67 8
43 18
74 56
50 19
44 35
75 38
79 87
1 43
92 13
36 34
52 97
53 73
84 75
27 70
80 24
13 23
53 96
96 93
43 98
66 93
86 42
53 10
29 60
33 23
64 93
81 15
2 32
58 32
63 22
57 55
40 94
63 62
91 86
31 42
20 33
17 36
26 25
35 14
23 50
80 35
44 54
58 56
9 64
93 65
8 86
17 62
90 77
41 12
3 7
27 98
77 92
67 86
22 47
30 87
16 28
1 97
16 78
14 81
42 4
55 54
43 72
15 35
57 35
32 40
55 44
94 89
91 16
95 69
85 80
10 39
37 53
60 73
94 32
64 53
36 47
38 56
30 90
70 18
59 72
88 36
17 61
67 28
58 95
72 97
47 34
10 65
82 52
81 44
93 10
39 65
44 71
82 97
21 23
81 12
4 86
49 17
88 61
52 72
79 13
66 73
39 53
79 77
21 33
6 13
29 96
79 20
13 50
43 26
66 10
64 96
54 14
83 22
37 68
48 8
15 80
63 45
15 55
66 9
62 83
48 28
83 47
49 45
13 20
12 80
37 9
16 42
38 94
25 59
51 48
8 31
63 17
20 23
18 25
37 60
17 5
7 31
79 92
6 77
97 11
60 39
51 78
54 15
41 55
72 11
59 11
7 28
41 81
50 33
41 44
34 61
77 20
85 35
28 51
65 29
60 93
49 36
70 11
92 90
22 34
90 13
81 55
45 22
17 47
27 25
34 49
46 17
12 54
15 12
86 3
17 22
88 62
46 34
56 2
69 94
32 76
38 32
46 62
80 41
94 2
46 88
94 56
49 46
47 62
32 89
19 30
32 75
55 85
25 43
14 85
70 82
6 79
67 3
45 36
28 8
73 9
84 38
28 3
68 53
37 64
16 8
83 34
66 53
76 74
91 42
26 98
67 4
90 20
65 9
40 95
68 9
4 51
12 35
53 29
25 98
88 63
53 60
24 41
65 60
84 95
75 95
23 90
33 92
19 20
89 58
84 40
80 71
19 92
63 5
79 19
47 5
93 9
87 50
83 46
24 54
48 3
23 19
76 84
20 21
17 83
58 2
12 71
96 60
43 82
87 19
31 86
59 1
74 94
57 44
98 59
3 78
68 96
56 75
17 34
73 29
16 7
91 78
41 54
26 72
29 68
44 80
68 64
15 24
79 21
71 85
74 95
67 91
82 27
26 1
30 33
2 76
14 57
70 43
60 66
75 94
63 83
19 77
49 88
75 2
45 5
61 63
83 5
22 36
52 70
76 58
24 12
58 74
66 68
93 29
65 53
58 38
59 70
22 5
90 33
4 3
12 55
33 13
42 51
38 74
74 75
60 64
20 30
97 43
25 97
75 40
41 35
63 49
16 31
27 97
69 2
71 14
48 31
8 91
76 38
81 57
32 69
65 64
46 36
38 89
4 48
93 68
61 83
73 68
82 1
93 53
18 1
70 1
84 94
94 76
37 65
39 73
43 59
86 51
24 71
19 13
22 62
1 52
49 47
30 6
22 88
35 81
89 2
3 31
39 68
45 62
81 24
93 73
11 1
25 82
36 5
69 89
40 58
7 86
21 30
80 57
54 85
30 13
3 91
26 18
57 71
59 27
92 50
28 86
47 61
74 40
33 19
55 35
